,timestamp,accel_x,accel_y,accel_z,gyro_x,gyro_y,gyro_z
0,1697605965,0.2705078,0.9238281,0.28710938,0.1875,-0.53125,-0.40625
1,1697606005,0.265625,0.9296875,0.29003906,0.25,-0.125,-0.5
2,1697606045,0.26660156,0.92285156,0.29492188,-0.0625,0.125,-0.21875
3,1697606085,0.26464844,0.91796875,0.28710938,-0.6875,0.5625,-0.40625
4,1697606125,0.2626953,0.921875,0.28710938,-0.1875,-0.125,-0.8125
5,1697606165,0.27148438,0.9189453,0.28125,0.125,-0.375,-1.125
6,1697606205,0.27441406,0.9121094,0.29296875,-0.3125,-0.25,-0.03125
7,1697606245,0.26367188,0.92285156,0.28710938,-0.0625,0.0625,-0.03125
8,1697606285,0.26953125,0.92578125,0.28027344,1.03125,-0.25,0.21875
9,1697606325,0.2705078,0.921875,0.27734375,-0.125,-0.78125,-0.15625
10,1697606365,0.26757812,0.9140625,0.2763672,-0.0625,-0.3125,-0.40625
11,1697606405,0.25976562,0.92285156,0.29003906,0.0625,0.0,-0.46875
12,1697606445,0.25683594,0.9199219,0.2841797,0.125,-0.375,-0.75
13,1697606485,0.2607422,0.9248047,0.28710938,0.1875,0.0625,-1.0625
14,1697606525,0.26367188,0.9355469,0.28222656,-0.375,0.125,-1.1875
15,1697606565,0.25390625,0.92285156,0.29101562,-0.125,-0.25,-1.0
16,1697606605,0.26464844,0.92578125,0.2734375,0.4375,-0.4375,-0.75
17,1697606645,0.27441406,0.9248047,0.26464844,-0.125,-0.375,-0.46875
18,1697606685,0.25976562,0.92285156,0.27734375,-0.5,-0.1875,-0.09375
19,1697606725,0.26464844,0.91796875,0.3017578,0.25,0.0625,-0.34375
20,1697606765,0.2763672,0.9160156,0.29101562,-0.375,-0.125,-0.5
21,1697606805,0.26464844,0.92285156,0.28808594,-0.125,-0.375,-0.40625
22,1697606845,0.26171875,0.921875,0.2890625,0.3125,-0.65625,-0.5
23,1697606885,0.26953125,0.92871094,0.28710938,0.0625,-0.53125,-0.28125
24,1697606925,0.2626953,0.9296875,0.29296875,-0.25,0.1875,-0.21875
25,1697606965,0.26660156,0.9238281,0.28125,0.0,0.125,-0.40625
26,1697607005,0.27441406,0.92871094,0.29882812,-0.125,-0.4375,-0.46875
27,1697607045,0.25683594,0.9326172,0.28222656,-0.0625,-0.0625,-0.40625
28,1697607085,0.265625,0.9238281,0.27929688,-0.3125,-0.125,-0.625
29,1697607125,0.27246094,0.9248047,0.2890625,0.125,-0.25,-0.40625
30,1697607165,0.26367188,0.9326172,0.26953125,0.0,-0.71875,-0.28125
31,1697607205,0.2705078,0.92871094,0.296875,0.0,-0.0625,-0.46875
32,1697607245,0.26171875,0.93066406,0.29101562,-0.0625,-0.125,-0.40625
33,1697607285,0.25683594,0.92285156,0.29589844,0.0,-0.0625,-0.625
34,1697607325,0.265625,0.9345703,0.27929688,0.3125,-0.4375,-0.625
35,1697607365,0.26367188,0.9248047,0.27539062,-0.25,-0.4375,-0.625
36,1697607405,0.25683594,0.9189453,0.27929688,-0.0625,-0.25,-0.75
37,1697607445,0.2548828,0.93652344,0.28808594,0.1875,-0.3125,-0.28125
38,1697607485,0.25195312,0.921875,0.2861328,-0.1875,-0.25,-0.28125
39,1697607525,0.26171875,0.9121094,0.28125,-0.25,-0.125,-0.46875
40,1697607565,0.26660156,0.9267578,0.2841797,-0.0625,-0.0625,-0.6875
41,1697607605,0.2705078,0.9326172,0.28808594,-0.125,-0.4375,-0.5
42,1697607645,0.2685547,0.9189453,0.2890625,0.125,-0.125,-0.5
43,1697607685,0.25878906,0.91796875,0.2861328,-0.0625,0.0625,-0.40625
44,1697607725,0.2607422,0.92285156,0.27148438,-0.1875,-0.65625,-0.46875
45,1697607765,0.26464844,0.93359375,0.28515625,-0.375,-0.25,-0.15625
46,1697607805,0.2685547,0.92871094,0.28808594,-0.625,0.0625,-0.28125
47,1697607845,0.2705078,0.921875,0.26464844,-0.125,-0.71875,-0.09375
48,1697607885,0.2734375,0.9199219,0.2783203,-0.125,-0.59375,-0.34375
49,1697607925,0.26367188,0.92871094,0.28125,-0.1875,-0.1875,-0.5
50,1697607965,0.2626953,0.92285156,0.27929688,0.1875,-0.125,-0.09375
51,1697608005,0.26953125,0.9189453,0.27929688,0.0625,-0.46875,-0.09375
52,1697608045,0.26660156,0.92578125,0.2783203,0.3125,-0.84375,0.15625
53,1697608085,0.2607422,0.93066406,0.28125,-0.4375,-0.65625,-0.46875
54,1697608125,0.2685547,0.9296875,0.2841797,-0.125,-0.375,-0.15625
55,1697608165,0.25878906,0.9238281,0.28320312,0.125,-0.65625,0.65625
56,1697608205,0.26464844,0.92089844,0.2998047,-0.1875,-0.96875,0.875
57,1697608245,0.26464844,0.9238281,0.2919922,0.375,-0.59375,0.71875
58,1697608285,0.2578125,0.9316406,0.30078125,0.0,-0.3125,0.15625
59,1697608325,0.26171875,0.93066406,0.28125,-0.3125,-0.53125,-0.34375
60,1697608365,0.26953125,0.92871094,0.27246094,0.4375,-0.78125,0.15625
61,1697608405,0.27734375,0.9248047,0.2734375,0.375,-0.4375,0.53125
62,1697608445,0.27246094,0.9316406,0.28222656,0.0,-0.25,0.46875
63,1697608485,0.265625,0.921875,0.28222656,0.125,-0.46875,0.28125
64,1697608525,0.2763672,0.92871094,0.2783203,-0.375,-1.15625,-0.21875
65,1697608565,0.26464844,0.9189453,0.28808594,-0.4375,-0.0625,0.65625
66,1697608605,0.24511719,0.92285156,0.28125,-0.4375,-0.375,0.875
67,1697608645,0.27246094,0.92089844,0.27929688,-0.4375,-0.65625,0.28125
68,1697608685,0.2763672,0.9248047,0.29003906,-0.5625,-0.78125,0.15625
69,1697608725,0.265625,0.92089844,0.28515625,-0.3125,-0.0625,0.15625
70,1697608765,0.2705078,0.9169922,0.28125,-0.375,-0.71875,-0.28125
71,1697608805,0.2763672,0.92285156,0.27734375,-0.3125,-0.46875,0.21875
72,1697608845,0.27246094,0.9277344,0.2890625,0.1875,-0.4375,0.34375
73,1697608885,0.265625,0.9160156,0.28222656,-0.4375,-0.71875,0.03125
74,1697608925,0.2705078,0.9189453,0.29101562,-0.4375,-0.375,0.34375
75,1697608965,0.27734375,0.9267578,0.2919922,-0.0625,-0.3125,0.03125
76,1697609005,0.27539062,0.9267578,0.28222656,-0.1875,-0.4375,-0.03125
77,1697609045,0.26367188,0.9296875,0.2861328,-0.625,-0.375,-0.09375
78,1697609085,0.26953125,0.9189453,0.28515625,-0.0625,-0.125,-0.09375
79,1697609125,0.2685547,0.92089844,0.2841797,-0.1875,-0.46875,0.09375
80,1697609165,0.2763672,0.91796875,0.2841797,-0.4375,-0.3125,-0.15625
81,1697609205,0.2734375,0.92089844,0.2890625,0.125,-0.375,-0.40625
82,1697609245,0.27246094,0.91796875,0.28320312,-0.375,-0.4375,-0.28125
83,1697609285,0.26757812,0.9169922,0.27441406,-0.0625,-0.125,0.28125
84,1697609325,0.2705078,0.92285156,0.28515625,-0.4375,-0.25,0.21875
85,1697609365,0.28027344,0.9169922,0.28222656,-0.5,-0.71875,-0.09375
86,1697609405,0.2705078,0.921875,0.2890625,-0.25,-0.125,-0.15625
87,1697609445,0.2685547,0.9160156,0.2861328,0.0,0.25,0.03125
88,1697609485,0.26953125,0.93652344,0.29296875,0.25,-0.84375,0.53125
89,1697609525,0.28125,0.92871094,0.2841797,-0.25,-0.4375,-0.28125
90,1697609565,0.26757812,0.9189453,0.28808594,0.125,0.0,0.03125
91,1697609605,0.26464844,0.92285156,0.28710938,0.59375,-0.59375,0.53125
92,1697609645,0.2841797,0.9267578,0.27539062,0.59375,-0.71875,0.71875
93,1697609685,0.28320312,0.9199219,0.28710938,-0.5,0.125,-0.34375
94,1697609725,0.27734375,0.92089844,0.2841797,-0.5,-0.125,-1.0625
95,1697609765,0.28027344,0.9189453,0.29101562,-0.1875,-0.4375,-0.875
96,1697609805,0.27539062,0.9169922,0.2861328,0.25,-0.1875,-0.34375
97,1697609845,0.27246094,0.9277344,0.27929688,0.0625,-0.4375,-0.28125
98,1697609885,0.26953125,0.9267578,0.28222656,-0.1875,-0.375,-0.8125
99,1697609925,0.27148438,0.9189453,0.30273438,0.0625,0.6875,-0.15625
100,1697609965,0.2734375,0.91796875,0.2861328,-0.3125,-0.25,0.03125
101,1697610005,0.2890625,0.92285156,0.28808594,0.1875,-0.65625,-0.46875
102,1697610045,0.27246094,0.9238281,0.2939453,0.0,-0.125,-0.9375
103,1697610085,0.27246094,0.9238281,0.2783203,0.0625,-0.375,-1.0625
104,1697610125,0.265625,0.93066406,0.27929688,0.0625,-0.3125,-0.75
105,1697610165,0.28125,0.921875,0.28515625,-0.375,-0.1875,-0.8125
106,1697610205,0.2734375,0.91308594,0.28808594,0.0625,-0.375,-0.875
107,1697610245,0.27148438,0.9160156,0.29003906,-0.5,-0.0625,-1.0
108,1697610285,0.2841797,0.9267578,0.27539062,0.0,-0.1875,-1.0
109,1697610325,0.28027344,0.91796875,0.27539062,0.0,-0.25,-1.0
110,1697610365,0.2626953,0.9248047,0.28125,-0.125,-0.4375,-0.8125
111,1697610405,0.27148438,0.9189453,0.2861328,-0.25,-0.25,-1.8125
112,1697610445,0.27148438,0.92089844,0.28222656,-0.625,-0.375,-1.5
113,1697610485,0.26660156,0.921875,0.29785156,-0.0625,-0.125,-1.0
114,1697610525,0.2734375,0.92089844,0.28027344,-0.25,-0.65625,-0.9375
115,1697610565,0.265625,0.9316406,0.27929688,-0.1875,0.375,-1.125
116,1697610605,0.27929688,0.92871094,0.2919922,-0.5,0.125,-1.0625
117,1697610645,0.265625,0.9296875,0.28125,-0.625,-0.4375,-1.4375
118,1697610685,0.2685547,0.9238281,0.27734375,-0.3125,-0.125,-1.6875
119,1697610725,0.26464844,0.9267578,0.26953125,-0.25,0.0625,-1.3125
120,1697610765,0.26660156,0.92871094,0.28320312,-0.0625,-0.3125,-1.0
121,1697610805,0.26757812,0.9296875,0.2763672,-0.125,-0.3125,-0.8125
122,1697610845,0.2685547,0.92871094,0.29101562,-0.375,0.0,-0.75
123,1697610885,0.2626953,0.92089844,0.29003906,-0.1875,0.0625,-0.9375
124,1697610925,0.27539062,0.9296875,0.2890625,-0.0625,-0.4375,-0.5625
125,1697610965,0.26757812,0.9238281,0.28515625,-0.0625,-0.25,-0.8125
126,1697611005,0.2705078,0.93066406,0.3046875,0.0,-0.1875,-0.75
127,1697611045,0.2626953,0.9248047,0.296875,-0.1875,-0.125,-0.875
128,1697611085,0.26171875,0.9238281,0.2890625,-0.125,-0.1875,-0.5
129,1697611125,0.25097656,0.91796875,0.27929688,-0.0625,-0.125,-0.9375
130,1697611165,0.25976562,0.92871094,0.27246094,-0.125,-0.4375,-0.75
131,1697611205,0.2705078,0.93359375,0.2890625,-0.0625,-0.0625,-0.625
132,1697611245,0.25585938,0.9238281,0.28320312,-0.125,0.0,-0.75
133,1697611285,0.2607422,0.9277344,0.2734375,-0.125,-0.0625,-1.0
134,1697611325,0.26171875,0.92089844,0.28515625,-0.5625,-0.125,-0.5
135,1697611365,0.25683594,0.9248047,0.2919922,-0.625,0.0625,-0.75
136,1697611405,0.25683594,0.92871094,0.27148438,-0.0625,-0.1875,-0.46875
137,1697611445,0.26171875,0.92578125,0.29589844,-0.0625,-0.4375,-0.625
138,1697611485,0.2607422,0.9267578,0.2734375,-0.0625,-0.1875,-0.625
139,1697611525,0.25585938,0.9248047,0.29492188,-0.1875,-0.25,-0.34375
140,1697611565,0.265625,0.9189453,0.2890625,0.25,-0.1875,-0.21875
141,1697611605,0.26464844,0.93066406,0.29003906,0.0625,-0.65625,-0.21875
142,1697611645,0.25585938,0.92285156,0.28710938,-0.125,-0.125,-0.46875
143,1697611685,0.2607422,0.9238281,0.27539062,0.125,-0.1875,-0.28125
144,1697611725,0.26660156,0.92871094,0.27734375,-0.0625,-0.4375,0.09375
145,1697611765,0.26171875,0.9238281,0.28808594,0.0625,-0.1875,0.09375
146,1697611805,0.25878906,0.91503906,0.29003906,0.25,-0.0625,-0.46875
147,1697611845,0.2685547,0.93066406,0.296875,0.0625,-0.65625,-0.21875
148,1697611885,0.25390625,0.921875,0.27148438,0.1875,-0.4375,-0.09375
149,1697611925,0.25585938,0.93066406,0.29589844,0.375,-0.375,-0.28125
150,1697611965,0.26757812,0.9355469,0.28125,-0.3125,-0.46875,-0.28125
151,1697612005,0.26171875,0.9267578,0.296875,0.1875,-0.1875,-0.34375
152,1697612045,0.26660156,0.93066406,0.29101562,0.0,-0.375,-0.03125
153,1697612085,0.26464844,0.92871094,0.26953125,-0.125,-0.90625,-0.21875
154,1697612125,0.26953125,0.9277344,0.2919922,0.1875,-0.3125,-0.15625
155,1697612165,0.25,0.9267578,0.29492188,-0.375,0.125,-0.5
156,1697612205,0.25976562,0.9248047,0.28125,0.0,-0.4375,-0.03125
157,1697612245,0.27148438,0.9169922,0.28710938,0.1875,-0.59375,-0.28125
158,1697612285,0.26757812,0.9238281,0.2783203,0.0,-0.59375,-0.21875
159,1697612325,0.25585938,0.9248047,0.27929688,-0.25,-0.4375,-0.34375
160,1697612365,0.2578125,0.9277344,0.29003906,0.125,-0.375,-0.34375
161,1697612405,0.25585938,0.92285156,0.29003906,0.125,-0.59375,-0.28125
162,1697612445,0.26464844,0.9238281,0.28125,-0.125,-0.3125,-0.21875
163,1697612485,0.25976562,0.9248047,0.27929688,0.1875,-0.0625,-0.03125
164,1697612525,0.26171875,0.9277344,0.29101562,0.375,-0.53125,-0.28125
165,1697612565,0.25976562,0.9189453,0.28320312,-0.3125,-0.78125,-0.34375
166,1697612605,0.25585938,0.92871094,0.28027344,0.1875,0.125,-0.46875
167,1697612645,0.265625,0.9326172,0.28222656,0.125,-0.65625,-0.40625
168,1697612685,0.25878906,0.9277344,0.28808594,-0.375,-0.65625,-0.40625
169,1697612725,0.26464844,0.9296875,0.2763672,0.125,0.0,-0.46875
170,1697612765,0.25585938,0.9355469,0.2861328,0.1875,-0.46875,-0.34375
171,1697612805,0.26171875,0.92089844,0.2919922,-0.125,-0.71875,-0.21875
172,1697612845,0.25976562,0.9296875,0.2861328,0.0625,-0.3125,-0.5625
173,1697612885,0.2626953,0.93066406,0.27929688,-0.375,-0.375,-0.34375
174,1697612925,0.25585938,0.9248047,0.28027344,0.0625,-0.46875,-0.34375
175,1697612965,0.2607422,0.9248047,0.28125,0.0,-0.59375,-0.28125
176,1697613005,0.25585938,0.93066406,0.2783203,-0.3125,-0.125,-0.28125
177,1697613045,0.25585938,0.92871094,0.2890625,-0.1875,-0.25,-0.09375
178,1697613085,0.2607422,0.92871094,0.28710938,-0.125,-0.53125,-0.40625
179,1697613125,0.2626953,0.92871094,0.28027344,-0.125,-0.375,-0.5625
180,1697613165,0.26660156,0.9267578,0.2919922,-0.25,-0.0625,-0.21875
181,1697613205,0.26464844,0.9248047,0.29296875,-0.5,-0.46875,-0.46875
182,1697613245,0.26757812,0.9267578,0.28125,0.25,-0.25,-0.5
183,1697613285,0.26953125,0.9248047,0.2939453,-0.0625,-0.65625,-0.34375
184,1697613325,0.26660156,0.92871094,0.2841797,-0.125,-0.59375,-0.40625
185,1697613365,0.25390625,0.93066406,0.27148438,0.0625,-0.3125,-0.21875
186,1697613405,0.26660156,0.93066406,0.28222656,0.125,-0.1875,-0.34375
187,1697613445,0.25683594,0.92089844,0.27539062,-0.125,-0.84375,-0.28125
188,1697613485,0.25390625,0.9296875,0.296875,-0.0625,-0.25,-0.21875
189,1697613525,0.26953125,0.92285156,0.2841797,-0.0625,-0.3125,-0.21875
190,1697613565,0.25878906,0.92285156,0.2861328,-0.25,-0.4375,-0.15625
191,1697613605,0.25683594,0.9160156,0.28710938,0.0625,-0.65625,-0.15625
192,1697613645,0.26660156,0.9355469,0.28027344,0.125,-0.53125,-0.03125
193,1697613685,0.26464844,0.9355469,0.27441406,-0.125,-0.46875,0.28125
194,1697613725,0.27148438,0.921875,0.27246094,-0.375,-0.90625,-0.21875
195,1697613765,0.2705078,0.9160156,0.2861328,-0.0625,-0.1875,-0.21875
196,1697613805,0.24609375,0.92285156,0.2861328,-0.5,-0.65625,0.53125
197,1697613845,0.26757812,0.921875,0.28320312,0.25,-0.78125,0.34375
198,1697613885,0.26464844,0.9248047,0.28027344,0.1875,-0.90625,0.28125
199,1697613925,0.2607422,0.9267578,0.27441406,-0.125,-1.03125,0.40625
200,1697613965,0.2626953,0.9267578,0.28808594,0.0,-0.65625,0.34375
201,1697614005,0.26171875,0.9238281,0.2890625,-0.1875,-1.03125,0.65625
202,1697614045,0.26953125,0.92871094,0.2783203,-0.125,-1.03125,1.0
203,1697614085,0.2734375,0.9111328,0.28320312,0.25,-0.4375,1.1875
204,1697614125,0.265625,0.92578125,0.28027344,0.4375,-0.65625,0.71875
205,1697614165,0.27148438,0.921875,0.27148438,-0.125,-0.53125,-0.34375
206,1697614205,0.26660156,0.921875,0.28027344,0.0625,-0.90625,0.21875
207,1697614245,0.27734375,0.9296875,0.28222656,-0.0625,-0.71875,0.40625
208,1697614285,0.25976562,0.92871094,0.27539062,-0.25,-0.4375,0.28125
209,1697614325,0.265625,0.92871094,0.28710938,-0.125,-0.59375,0.53125
210,1697614365,0.2685547,0.92089844,0.28515625,-0.375,-1.03125,0.8125
211,1697614405,0.27246094,0.91503906,0.2861328,-0.3125,-0.65625,0.53125
212,1697614445,0.26171875,0.9160156,0.2919922,0.125,-0.0625,1.3125
213,1697614485,0.27148438,0.91796875,0.296875,0.0625,-0.3125,1.75
214,1697614525,0.28027344,0.91503906,0.2783203,0.0625,-0.53125,0.9375
215,1697614565,0.28320312,0.9267578,0.28515625,0.25,0.0,0.40625
216,1697614605,0.27148438,0.91796875,0.27929688,0.5,-0.125,0.34375
217,1697614645,0.2705078,0.92285156,0.2607422,0.375,-0.78125,0.09375
218,1697614685,0.28027344,0.92285156,0.27246094,-0.125,-0.46875,-0.28125
219,1697614725,0.2734375,0.9326172,0.2705078,-0.5,-0.375,0.40625
220,1697614765,0.27148438,0.91503906,0.28515625,-0.5,0.125,0.65625
221,1697614805,0.27539062,0.9267578,0.2998047,0.0625,-0.65625,1.1875
222,1697614845,0.2890625,0.92285156,0.28027344,-0.90625,-0.375,0.21875
223,1697614885,0.28027344,0.9199219,0.29003906,-0.5625,0.0,0.28125
224,1697614925,0.2763672,0.92285156,0.28222656,-0.3125,-0.375,-0.15625
225,1697614965,0.27734375,0.9296875,0.27148438,0.125,-0.46875,-0.03125
226,1697615005,0.28125,0.921875,0.28710938,0.125,-0.71875,-0.03125
227,1697615045,0.28222656,0.92871094,0.28027344,0.3125,-0.0625,-0.21875
228,1697615085,0.2734375,0.9169922,0.2861328,-0.1875,0.5625,-0.21875
229,1697615125,0.2734375,0.9169922,0.27539062,-0.125,-0.375,-0.46875
230,1697615165,0.27734375,0.9248047,0.27539062,0.125,-0.71875,-0.5625
231,1697615205,0.28222656,0.9169922,0.28125,0.3125,-0.125,-0.15625
232,1697615245,0.27929688,0.91796875,0.28320312,-0.125,-0.46875,-0.46875
233,1697615285,0.28320312,0.9238281,0.2783203,-0.5,-0.90625,-0.75
234,1697615325,0.2763672,0.91796875,0.2626953,-0.1875,-0.1875,-0.75
235,1697615365,0.26953125,0.9267578,0.2939453,0.1875,-0.53125,-0.09375
236,1697615405,0.2763672,0.9296875,0.28027344,-0.5,-0.65625,-0.40625
237,1697615445,0.27246094,0.9199219,0.28027344,0.0,-0.3125,-0.5625
238,1697615485,0.27539062,0.9169922,0.29003906,-0.125,-0.53125,-0.5625
239,1697615525,0.27929688,0.92089844,0.27734375,0.375,-0.53125,-0.5
240,1697615565,0.2763672,0.9326172,0.29101562,0.3125,-0.25,-0.09375
241,1697615605,0.27734375,0.9189453,0.2890625,-0.375,-0.375,-0.6875
242,1697615645,0.27734375,0.9160156,0.2919922,0.1875,-0.4375,-0.5625
243,1697615685,0.2705078,0.9277344,0.2841797,0.4375,0.4375,-0.34375
244,1697615725,0.28808594,0.91796875,0.27734375,-0.3125,-0.46875,-0.75
245,1697615765,0.2841797,0.9248047,0.26367188,0.1875,-0.90625,-0.8125
246,1697615805,0.27148438,0.9248047,0.2763672,-0.5625,-0.25,-1.3125
247,1697615845,0.27148438,0.9160156,0.28320312,0.25,-0.1875,-1.375
248,1697615885,0.26757812,0.9238281,0.28222656,-0.25,-1.09375,-1.125
249,1697615925,0.28320312,0.9267578,0.28125,-0.84375,-0.3125,-1.625
250,1697615965,0.28320312,0.9199219,0.28125,-0.125,0.0,-1.3125
251,1697616005,0.2685547,0.9160156,0.28125,0.0,-0.0625,-1.3125
252,1697616045,0.2763672,0.9248047,0.28808594,-0.1875,-0.46875,-1.3125
253,1697616085,0.27539062,0.9199219,0.28808594,0.0,-0.3125,-1.5
254,1697616125,0.2626953,0.9296875,0.28710938,0.3125,-0.25,-1.1875
255,1697616165,0.26953125,0.921875,0.27246094,0.0,-0.25,-0.9375
256,1697616205,0.27246094,0.9199219,0.2919922,-0.25,-0.0625,-1.4375
257,1697616245,0.26953125,0.92089844,0.28027344,-0.25,0.0,-1.375
258,1697616285,0.25878906,0.9248047,0.29003906,-0.1875,-0.375,-1.125
259,1697616325,0.27148438,0.92578125,0.26953125,-0.25,-0.65625,-1.1875
260,1697616365,0.2607422,0.9277344,0.29492188,-0.4375,0.375,-1.0
261,1697616405,0.27148438,0.9267578,0.29003906,-1.03125,0.1875,-1.4375
262,1697616445,0.27148438,0.92285156,0.2861328,-0.4375,-0.375,-1.6875
263,1697616485,0.2626953,0.93359375,0.2861328,0.0625,-0.46875,-1.375
264,1697616525,0.265625,0.92871094,0.27734375,-0.0625,0.0625,-0.75
265,1697616565,0.25878906,0.9277344,0.28515625,-0.4375,-0.0625,-0.6875
266,1697616605,0.25976562,0.9248047,0.2939453,-0.3125,-0.1875,-1.4375
267,1697616645,0.26464844,0.921875,0.28710938,-0.6875,-0.25,-1.3125
268,1697616685,0.2607422,0.9248047,0.30273438,-0.25,-0.0625,-0.875
269,1697616725,0.2578125,0.921875,0.29296875,-0.0625,-0.46875,-0.46875
270,1697616765,0.26464844,0.92089844,0.28027344,0.0,-0.25,-0.75
271,1697616805,0.27148438,0.9248047,0.28320312,0.3125,0.0625,-0.6875
272,1697616845,0.25976562,0.93066406,0.27929688,-0.1875,-0.4375,-0.625
273,1697616885,0.25585938,0.9199219,0.29101562,-0.1875,-0.375,-1.0625
274,1697616925,0.26367188,0.9326172,0.29589844,0.25,-0.4375,-0.6875
275,1697616965,0.26757812,0.93652344,0.27929688,0.25,-0.25,-0.03125
276,1697617005,0.2607422,0.92871094,0.28125,0.0625,-0.25,-0.21875
277,1697617045,0.25585938,0.921875,0.29101562,0.4375,-0.1875,-0.5625
278,1697617085,0.25683594,0.921875,0.2861328,0.0625,-0.375,-0.46875
279,1697617125,0.2607422,0.9326172,0.2919922,0.25,-0.3125,-0.21875
280,1697617165,0.26464844,0.9267578,0.28320312,0.375,-0.4375,0.21875
281,1697617205,0.26660156,0.9267578,0.28027344,-0.0625,-0.25,-0.21875
282,1697617245,0.2578125,0.9277344,0.29101562,-0.125,-0.375,-0.5
283,1697617285,0.265625,0.92871094,0.2919922,0.125,-0.3125,-0.5625
284,1697617325,0.25976562,0.9316406,0.2841797,-0.25,-0.25,-0.15625
285,1697617365,0.25585938,0.92285156,0.28320312,-0.5,-0.375,-0.09375
286,1697617405,0.26464844,0.92871094,0.2763672,0.0625,-0.78125,-0.40625
287,1697617445,0.25976562,0.9296875,0.27246094,-0.1875,-0.59375,-0.15625
288,1697617485,0.2548828,0.9296875,0.27929688,-0.5625,0.0625,-0.28125
289,1697617525,0.265625,0.9248047,0.2841797,-0.5,-0.0625,-0.625
290,1697617565,0.265625,0.92089844,0.2861328,-0.125,-0.4375,-0.34375
291,1697617605,0.2578125,0.92089844,0.28808594,0.125,-0.25,-0.15625
292,1697617645,0.25683594,0.91796875,0.29101562,0.59375,-0.125,-0.40625
293,1697617685,0.25878906,0.9355469,0.28320312,0.25,-0.59375,-0.34375
294,1697617725,0.2607422,0.9326172,0.27929688,0.375,-0.25,-0.15625
295,1697617765,0.26757812,0.9277344,0.2890625,0.125,-0.25,0.03125
296,1697617805,0.2626953,0.92089844,0.28515625,0.1875,-0.59375,-0.34375
297,1697617845,0.25683594,0.9277344,0.2783203,0.125,-0.78125,-0.28125
298,1697617885,0.26171875,0.9189453,0.27734375,0.3125,-0.25,-0.21875
299,1697617925,0.2548828,0.9296875,0.2939453,-0.125,-0.4375,0.03125
300,1697617965,0.25683594,0.9238281,0.2861328,0.3125,-0.46875,-0.28125
301,1697618005,0.2626953,0.92285156,0.28320312,0.25,-0.4375,-0.34375
302,1697618045,0.2578125,0.92089844,0.28222656,0.125,-0.1875,-0.15625
303,1697618085,0.2626953,0.9248047,0.29589844,0.1875,-0.25,-0.28125
304,1697618125,0.25878906,0.92871094,0.28027344,-0.09375,-0.03125,-0.21875
305,1697618165,0.2548828,0.9238281,0.26660156,-0.09375,-0.40625,-0.09375
306,1697618205,0.27246094,0.9277344,0.28027344,-0.375,-0.03125,0.25
307,1697618245,0.25585938,0.9326172,0.28808594,-0.625,0.34375,0.1875
308,1697618285,0.265625,0.92578125,0.28808594,-0.21875,-0.09375,-0.15625
309,1697618325,0.25878906,0.9160156,0.3017578,-0.28125,-0.40625,-0.15625
310,1697618365,0.25976562,0.9238281,0.2841797,-0.15625,0.15625,0.0
311,1697618405,0.25878906,0.9277344,0.28027344,-0.09375,0.15625,-0.15625
312,1697618445,0.25,0.9326172,0.29003906,-0.28125,-0.15625,-0.34375
313,1697618485,0.2626953,0.9345703,0.2783203,-0.15625,0.03125,0.0
314,1697618525,0.2626953,0.9238281,0.2861328,0.03125,-0.09375,0.125
315,1697618565,0.26464844,0.92578125,0.30273438,-0.09375,-0.09375,-0.03125
316,1697618605,0.25195312,0.93066406,0.26953125,0.03125,0.03125,-0.28125
317,1697618645,0.2607422,0.921875,0.28515625,0.21875,-0.40625,0.1875
318,1697618685,0.26171875,0.9169922,0.28027344,-0.21875,-0.34375,0.25
319,1697618725,0.2626953,0.9355469,0.28710938,-0.34375,0.21875,-0.09375
320,1697618765,0.2548828,0.9267578,0.28027344,-0.375,-0.21875,-0.28125
321,1697618805,0.25585938,0.9296875,0.28320312,-0.28125,-0.65625,-0.21875
322,1697618845,0.26171875,0.9248047,0.28710938,0.03125,0.09375,0.3125
323,1697618885,0.25976562,0.9296875,0.2783203,0.28125,0.34375,0.0625
324,1697618925,0.24707031,0.9355469,0.2734375,-0.15625,-0.15625,-0.09375
325,1697618965,0.2548828,0.90722656,0.27734375,-0.09375,-0.15625,0.125
326,1697619005,0.25683594,0.9326172,0.28808594,-0.15625,0.09375,0.125
327,1697619045,0.2607422,0.93066406,0.27539062,0.15625,-0.34375,0.25
328,1697619085,0.25976562,0.9248047,0.2939453,-0.21875,-0.34375,0.125
329,1697619125,0.25585938,0.92871094,0.2890625,-0.34375,0.21875,0.3125
330,1697619165,0.26367188,0.92285156,0.28027344,-0.375,-0.15625,0.3125
331,1697619205,0.26757812,0.9355469,0.28320312,-0.28125,-0.75,-0.03125
332,1697619245,0.2685547,0.9355469,0.27929688,-0.21875,-0.09375,0.125
333,1697619285,0.2626953,0.92578125,0.2861328,0.34375,0.15625,0.75
334,1697619325,0.2548828,0.92871094,0.29296875,0.03125,-0.75,0.75
335,1697619365,0.265625,0.92285156,0.26660156,0.09375,-0.40625,0.5625
336,1697619405,0.27148438,0.92871094,0.2763672,0.03125,-0.09375,0.6875
337,1697619445,0.2548828,0.92089844,0.28808594,-0.03125,-0.53125,0.375
338,1697619485,0.26464844,0.9248047,0.2841797,-0.03125,-0.59375,0.625
339,1697619525,0.25976562,0.921875,0.27539062,0.09375,0.03125,0.5625
340,1697619565,0.25976562,0.92285156,0.2763672,-0.15625,0.09375,0.75
341,1697619605,0.25585938,0.921875,0.27441406,-0.15625,-0.28125,0.375
342,1697619645,0.26367188,0.93359375,0.28710938,-0.28125,-0.28125,0.0625
343,1697619685,0.26464844,0.9296875,0.265625,-0.21875,-0.03125,0.4375
344,1697619725,0.2705078,0.9296875,0.28515625,-0.15625,-0.40625,0.6875
345,1697619765,0.26660156,0.9296875,0.2734375,-0.21875,-0.15625,0.625
346,1697619805,0.26757812,0.92089844,0.29785156,-0.28125,-0.03125,0.8125
347,1697619845,0.2685547,0.93066406,0.29101562,-0.34375,-0.46875,0.5
348,1697619885,0.26660156,0.9189453,0.27246094,-0.4375,-0.59375,0.25
349,1697619925,0.2626953,0.92871094,0.28125,-0.09375,0.40625,0.8125
350,1697619965,0.25976562,0.92285156,0.2861328,-0.4375,-0.03125,1.125
351,1697620005,0.28125,0.9248047,0.2763672,-0.5,-0.40625,0.6875
352,1697620045,0.2783203,0.921875,0.28027344,-0.375,-0.46875,0.4375
353,1697620085,0.26953125,0.921875,0.27148438,-0.28125,0.75,0.5
354,1697620125,0.25585938,0.9277344,0.27734375,0.46875,-0.15625,0.5625
355,1697620165,0.2705078,0.9267578,0.27246094,-0.28125,-0.75,0.4375
356,1697620205,0.26757812,0.9189453,0.2861328,-0.375,0.21875,-0.15625
357,1697620245,0.27441406,0.921875,0.2919922,-0.625,0.46875,0.0
358,1697620285,0.265625,0.92285156,0.2861328,-0.15625,-0.15625,0.0625
359,1697620325,0.2734375,0.9355469,0.265625,-0.21875,-0.34375,0.0625
360,1697620365,0.26953125,0.921875,0.28710938,-0.5,-0.03125,0.1875
361,1697620405,0.2734375,0.9238281,0.28125,-0.34375,0.21875,-0.03125
362,1697620445,0.27148438,0.9277344,0.2841797,-0.625,-0.15625,-0.15625
363,1697620485,0.2705078,0.9267578,0.26953125,-0.5,-0.28125,-0.15625
364,1697620525,0.265625,0.91796875,0.28125,-0.21875,0.09375,0.0625
365,1697620565,0.28515625,0.9316406,0.2890625,-0.375,-0.21875,-0.09375
366,1697620605,0.26757812,0.91503906,0.28515625,-0.28125,0.09375,-0.34375
367,1697620645,0.26953125,0.91796875,0.29785156,-0.28125,0.46875,0.375
368,1697620685,0.27246094,0.9277344,0.27539062,-0.5625,-0.03125,0.1875
369,1697620725,0.28222656,0.9326172,0.28515625,-0.375,-0.09375,-0.03125
370,1697620765,0.27539062,0.921875,0.25878906,-0.34375,0.28125,-0.15625
371,1697620805,0.26953125,0.92285156,0.2861328,-0.21875,0.09375,-0.03125
372,1697620845,0.2734375,0.9238281,0.2763672,-0.375,-0.40625,-0.03125
373,1697620885,0.27734375,0.921875,0.2763672,-0.03125,-0.46875,-0.21875
374,1697620925,0.27148438,0.9238281,0.28320312,-0.28125,0.21875,-0.34375
375,1697620965,0.27246094,0.921875,0.28515625,-0.5625,0.34375,-0.15625
376,1697621005,0.27929688,0.9267578,0.29101562,-0.09375,-0.15625,0.0
377,1697621045,0.26757812,0.92578125,0.28515625,-0.15625,-0.09375,-0.15625
378,1697621085,0.27929688,0.9238281,0.27246094,-0.03125,0.03125,-0.46875
379,1697621125,0.27929688,0.93066406,0.2890625,-0.15625,0.09375,-0.21875
380,1697621165,0.2607422,0.92089844,0.28222656,0.09375,0.09375,-0.28125
381,1697621205,0.26171875,0.93359375,0.28222656,-0.03125,-0.34375,-0.40625
382,1697621245,0.2763672,0.9345703,0.28125,-0.15625,0.15625,-0.21875
383,1697621285,0.2626953,0.9326172,0.30078125,-0.15625,0.8125,0.3125
384,1697621325,0.27539062,0.9296875,0.28125,-0.375,-0.15625,0.0
385,1697621365,0.27734375,0.9345703,0.27441406,-0.21875,-0.53125,-0.46875
386,1697621405,0.265625,0.9267578,0.27734375,-0.21875,0.28125,-0.71875
387,1697621445,0.26171875,0.92285156,0.28320312,-0.34375,-0.21875,-0.78125
388,1697621485,0.26660156,0.9277344,0.28808594,-0.21875,-0.34375,-0.53125
389,1697621525,0.27246094,0.93359375,0.2890625,-0.4375,0.21875,-0.84375
390,1697621565,0.2705078,0.91796875,0.29296875,-0.03125,-0.28125,-0.40625
391,1697621605,0.2705078,0.91796875,0.2861328,-0.09375,0.21875,-0.46875
392,1697621645,0.27929688,0.921875,0.2861328,-0.34375,-0.03125,-0.59375
393,1697621685,0.27539062,0.9248047,0.28320312,0.03125,0.03125,-0.46875
394,1697621725,0.25878906,0.921875,0.2763672,-0.375,-0.28125,-0.71875
395,1697621765,0.2607422,0.9248047,0.2705078,-0.09375,0.03125,-0.84375
396,1697621805,0.26171875,0.92285156,0.28515625,-0.15625,0.28125,-0.34375
397,1697621845,0.26757812,0.9316406,0.2734375,-0.21875,-0.03125,-0.40625
398,1697621885,0.27539062,0.9169922,0.29101562,-0.4375,-0.09375,-0.84375
399,1697621925,0.26953125,0.9238281,0.28027344,-0.09375,0.34375,-0.96875
400,1697621965,0.265625,0.9355469,0.28515625,-0.875,0.40625,-0.84375
401,1697622005,0.26171875,0.9355469,0.2783203,-0.375,-0.15625,-0.90625
402,1697622045,0.26660156,0.92871094,0.2685547,-0.09375,-0.09375,-0.71875
403,1697622085,0.26171875,0.9248047,0.27734375,-0.15625,0.875,-0.84375
404,1697622125,0.2607422,0.9248047,0.29785156,-0.5,0.15625,-0.84375
405,1697622165,0.25683594,0.9248047,0.29003906,-0.15625,0.15625,-0.84375
406,1697622205,0.2626953,0.9248047,0.29296875,0.15625,0.03125,-0.46875
407,1697622245,0.25683594,0.9248047,0.28515625,-0.5,0.09375,-0.90625
408,1697622285,0.2529297,0.91796875,0.29296875,0.15625,0.46875,-0.84375
409,1697622325,0.26367188,0.9326172,0.27441406,0.03125,0.40625,-0.59375
410,1697622365,0.27246094,0.9248047,0.27929688,-0.15625,-0.28125,-0.46875
411,1697622405,0.27539062,0.93066406,0.28125,0.09375,0.21875,-0.59375
412,1697622445,0.265625,0.9277344,0.28125,-0.15625,0.34375,-0.21875
413,1697622485,0.25585938,0.9199219,0.28125,-0.4375,-0.03125,-0.28125
414,1697622525,0.25585938,0.92285156,0.27441406,-0.15625,-0.40625,-0.28125
415,1697622565,0.265625,0.9248047,0.2734375,-0.09375,0.21875,-0.53125
416,1697622605,0.26367188,0.9296875,0.28222656,-0.34375,0.40625,-0.71875
417,1697622645,0.25097656,0.9267578,0.2705078,-0.21875,-0.03125,-0.71875
418,1697622685,0.26660156,0.9326172,0.29589844,-0.28125,0.03125,-0.71875
419,1697622725,0.25097656,0.9238281,0.29101562,-0.21875,0.8125,-0.21875
420,1697622765,0.25390625,0.92578125,0.28808594,-0.15625,0.28125,-0.28125
421,1697622805,0.26757812,0.92871094,0.29589844,-0.15625,0.03125,-0.40625
422,1697622845,0.26464844,0.92285156,0.28710938,0.21875,0.28125,-0.28125
423,1697622885,0.25390625,0.92871094,0.27734375,-0.21875,-0.03125,-0.34375
424,1697622925,0.24609375,0.9316406,0.2685547,-0.4375,-0.03125,-0.53125
425,1697622965,0.25585938,0.9316406,0.2919922,-0.15625,0.21875,-0.34375
426,1697623005,0.26171875,0.9296875,0.29785156,-0.21875,-0.21875,0.0625
427,1697623045,0.25976562,0.91503906,0.29492188,-0.21875,-0.09375,-0.03125
428,1697623085,0.25683594,0.9248047,0.2939453,-0.21875,-0.03125,-0.21875
429,1697623125,0.26953125,0.9238281,0.29003906,-0.15625,0.09375,-0.21875
430,1697623165,0.2626953,0.9238281,0.28125,0.15625,-0.15625,0.0
431,1697623205,0.2607422,0.9355469,0.27246094,-0.09375,-0.03125,-0.28125
432,1697623245,0.2734375,0.921875,0.28027344,-0.03125,0.09375,-0.03125
433,1697623285,0.25097656,0.9355469,0.28710938,-0.28125,0.03125,0.0
434,1697623325,0.2548828,0.93847656,0.27441406,0.03125,0.03125,0.0
435,1697623365,0.26660156,0.92871094,0.2783203,0.09375,-0.21875,0.125
436,1697623405,0.25683594,0.9248047,0.28027344,0.03125,0.09375,-0.03125
437,1697623445,0.27148438,0.9277344,0.2998047,0.15625,-0.03125,0.0625
438,1697623485,0.2548828,0.92871094,0.28710938,-0.21875,-0.09375,-0.15625
439,1697623525,0.24902344,0.9267578,0.28027344,-0.03125,0.03125,0.0
440,1697623565,0.25,0.92285156,0.2763672,-0.375,0.34375,-0.09375
441,1697623605,0.25683594,0.9316406,0.28222656,-0.28125,0.03125,0.0
442,1697623645,0.25195312,0.92871094,0.28125,-0.21875,-0.15625,-0.03125
443,1697623685,0.2705078,0.9277344,0.28125,0.03125,0.21875,-0.28125
444,1697623725,0.25097656,0.9316406,0.28027344,-0.09375,0.03125,-0.09375
445,1697623765,0.25390625,0.9296875,0.2783203,-0.21875,-0.15625,-0.34375
446,1697623805,0.265625,0.9296875,0.27734375,-0.03125,0.15625,-0.09375
447,1697623845,0.25097656,0.9248047,0.27441406,-0.15625,-0.03125,0.125
448,1697623885,0.25585938,0.9238281,0.27441406,-0.34375,-0.03125,-0.15625
449,1697623925,0.25683594,0.93066406,0.2734375,0.03125,0.09375,-0.34375
450,1697623965,0.2578125,0.9277344,0.29296875,-0.09375,-0.03125,-0.09375
451,1697624005,0.26660156,0.9160156,0.27539062,-0.21875,-0.03125,-0.09375
452,1697624045,0.2578125,0.92871094,0.2919922,-0.03125,0.21875,-0.34375
453,1697624085,0.25878906,0.9296875,0.28125,-0.09375,-0.21875,-0.28125
454,1697624125,0.2607422,0.9326172,0.2861328,-0.28125,-0.03125,-0.34375
455,1697624165,0.2529297,0.9345703,0.28808594,-0.15625,0.03125,-0.15625
456,1697624205,0.24902344,0.93066406,0.29589844,-0.375,-0.03125,-0.15625
457,1697624245,0.25683594,0.9355469,0.27734375,-0.15625,-0.03125,0.0
458,1697624285,0.25878906,0.9277344,0.29003906,-0.4375,-0.15625,-0.21875
459,1697624325,0.2705078,0.921875,0.26953125,-0.34375,-0.09375,-0.09375
460,1697624365,0.26464844,0.9296875,0.28710938,-0.21875,-0.15625,-0.09375
461,1697624405,0.25097656,0.9326172,0.28808594,-0.5,0.09375,-0.09375
462,1697624445,0.2578125,0.9248047,0.2734375,-0.34375,0.28125,-0.15625
463,1697624485,0.26171875,0.9267578,0.28320312,-0.34375,-0.28125,-0.03125
464,1697624525,0.26660156,0.92578125,0.28027344,-0.5,-0.03125,-0.40625
465,1697624565,0.25585938,0.9267578,0.2841797,-0.28125,0.09375,-0.09375
466,1697624605,0.25585938,0.9355469,0.27929688,-0.5,-0.03125,-0.28125
467,1697624645,0.2607422,0.92285156,0.27929688,-0.03125,-0.28125,-0.09375
468,1697624685,0.25390625,0.9238281,0.2763672,-0.34375,-0.03125,-0.21875
469,1697624725,0.25976562,0.92285156,0.29003906,0.21875,0.09375,-0.09375
470,1697624765,0.25585938,0.9238281,0.2890625,-0.03125,-0.28125,-0.09375
471,1697624805,0.265625,0.9277344,0.26367188,-0.28125,-0.09375,-0.28125
472,1697624845,0.25390625,0.92285156,0.28808594,-0.03125,-0.09375,0.0625
473,1697624885,0.26367188,0.9326172,0.29003906,-0.375,-0.40625,0.125
474,1697624925,0.25683594,0.9355469,0.28320312,-0.375,-0.15625,-0.03125
475,1697624965,0.25683594,0.9296875,0.29492188,-0.21875,0.15625,0.25
476,1697625005,0.25976562,0.9248047,0.27929688,-0.28125,-0.53125,0.5625
477,1697625045,0.2626953,0.92578125,0.27929688,-0.03125,-0.59375,0.1875
478,1697625085,0.2626953,0.9248047,0.2861328,0.03125,-0.09375,0.3125
479,1697625125,0.25585938,0.93359375,0.27734375,0.09375,-0.46875,0.625
480,1697625165,0.27148438,0.9296875,0.2705078,-0.09375,-0.75,0.3125
481,1697625205,0.25976562,0.91796875,0.28710938,-0.28125,0.28125,0.8125
482,1697625245,0.25878906,0.9248047,0.29296875,-0.21875,-0.03125,0.9375
483,1697625285,0.26464844,0.9355469,0.27246094,-0.28125,-1.0625,0.6875
484,1697625325,0.26464844,0.93066406,0.28222656,-0.28125,-0.28125,0.5625
485,1697625365,0.25976562,0.9316406,0.27929688,-0.15625,0.28125,0.625
486,1697625405,0.2529297,0.92285156,0.2861328,-0.28125,-0.46875,0.4375
487,1697625445,0.2626953,0.92578125,0.28027344,-0.5,-0.8125,0.5
488,1697625485,0.26660156,0.92089844,0.2734375,-0.21875,-0.09375,0.5625
489,1697625525,0.27148438,0.9296875,0.27929688,-0.21875,-0.03125,0.8125
490,1697625565,0.26757812,0.9248047,0.28320312,-0.625,-0.21875,0.6875
491,1697625605,0.27929688,0.9248047,0.27929688,-0.15625,0.09375,0.0
492,1697625645,0.26464844,0.92871094,0.2861328,-0.15625,-0.15625,0.0
493,1697625685,0.26953125,0.92871094,0.2783203,-0.28125,-0.46875,0.125
494,1697625725,0.26660156,0.93652344,0.2861328,-0.21875,-0.21875,0.1875
495,1697625765,0.2734375,0.9355469,0.27246094,-0.28125,-0.09375,0.1875
496,1697625805,0.26953125,0.9267578,0.26953125,-0.15625,0.09375,0.375
497,1697625845,0.26660156,0.9160156,0.27929688,-0.34375,-0.21875,0.25
498,1697625885,0.27246094,0.921875,0.28808594,-0.21875,-0.15625,-0.03125
499,1697625925,0.265625,0.9238281,0.26464844,-0.09375,0.46875,0.375
500,1697625965,0.25976562,0.9316406,0.2763672,-0.5,-0.03125,0.4375
501,1697626005,0.2783203,0.92871094,0.27539062,-0.5,-0.46875,-0.15625
502,1697626045,0.26757812,0.93066406,0.2783203,-0.6875,0.15625,-0.46875
503,1697626085,0.26171875,0.9248047,0.28027344,-0.34375,0.21875,-0.46875
504,1697626125,0.2626953,0.9326172,0.27734375,-0.28125,-0.28125,-0.21875
505,1697626165,0.28027344,0.921875,0.28808594,-0.4375,-0.03125,-0.28125
506,1697626205,0.27148438,0.91503906,0.27734375,-0.28125,-0.09375,-0.09375
507,1697626245,0.2734375,0.9267578,0.28027344,-0.34375,0.15625,-0.34375
508,1697626285,0.26464844,0.9296875,0.2705078,-0.09375,-0.15625,-0.21875
509,1697626325,0.26953125,0.9267578,0.28222656,-0.09375,-0.03125,-0.21875
510,1697626365,0.26660156,0.92871094,0.2783203,-0.21875,0.21875,-0.40625
511,1697626405,0.2607422,0.93359375,0.27539062,-0.34375,-0.09375,0.0
512,1697626445,0.26464844,0.91796875,0.27734375,-0.34375,-0.03125,-0.15625
513,1697626485,0.26367188,0.921875,0.28125,-0.28125,0.21875,-0.09375
514,1697626525,0.2685547,0.921875,0.28027344,-0.21875,-0.34375,-0.09375
515,1697626565,0.27734375,0.9189453,0.28515625,-0.375,-0.09375,-0.53125
516,1697626605,0.25878906,0.93066406,0.2939453,-0.375,0.53125,-0.09375
517,1697626645,0.2705078,0.9248047,0.2763672,0.34375,-0.03125,0.3125
518,1697626685,0.28027344,0.93652344,0.2607422,-0.34375,-0.875,0.1875
519,1697626725,0.26171875,0.9169922,0.2578125,-0.4375,0.8125,-0.65625
520,1697626765,0.2529297,0.9277344,0.29003906,-0.09375,0.46875,-0.84375
521,1697626805,0.25878906,0.92285156,0.2783203,-0.375,-0.59375,-0.84375
522,1697626845,0.2763672,0.9238281,0.26953125,-0.03125,-0.15625,-0.40625
523,1697626885,0.2607422,0.92285156,0.2763672,-0.15625,0.46875,-0.40625
524,1697626925,0.27148438,0.91796875,0.29296875,-0.15625,0.46875,-0.78125
525,1697626965,0.2734375,0.92871094,0.2783203,0.21875,-0.21875,-0.59375
526,1697627005,0.26757812,0.9267578,0.27246094,-0.4375,-0.21875,-0.78125
527,1697627045,0.27441406,0.92285156,0.28125,-0.28125,0.34375,-1.3125
528,1697627085,0.26660156,0.9345703,0.27246094,-0.21875,-0.03125,-1.03125
529,1697627125,0.25976562,0.9267578,0.28808594,-0.15625,0.09375,-0.71875
530,1697627165,0.2685547,0.91796875,0.26757812,-0.375,0.34375,-0.53125
531,1697627205,0.25683594,0.9277344,0.28125,-0.03125,0.03125,-0.28125
532,1697627245,0.26464844,0.93847656,0.28222656,-0.28125,0.21875,-0.78125
533,1697627285,0.25390625,0.9267578,0.27929688,-0.4375,0.53125,-0.53125
534,1697627325,0.26757812,0.9296875,0.29101562,-0.4375,-0.03125,-0.46875
535,1697627365,0.26953125,0.92285156,0.2763672,-0.34375,-0.21875,-0.53125
536,1697627405,0.25976562,0.9267578,0.27148438,-0.4375,0.40625,-0.96875
537,1697627445,0.25,0.93359375,0.2919922,-0.09375,0.28125,-0.84375
538,1697627485,0.2548828,0.92285156,0.2763672,-0.34375,-0.09375,-0.09375
539,1697627525,0.265625,0.92089844,0.27929688,0.03125,0.21875,-0.40625
540,1697627565,0.26367188,0.9199219,0.28710938,-0.15625,0.34375,-0.40625
541,1697627605,0.25683594,0.9267578,0.29003906,-0.03125,0.40625,-0.40625
542,1697627645,0.26171875,0.9296875,0.27246094,0.03125,-0.28125,-0.21875
543,1697627685,0.26464844,0.92089844,0.2783203,-0.15625,0.09375,-0.34375
544,1697627725,0.2578125,0.9267578,0.27148438,-0.4375,0.34375,-0.53125
545,1697627765,0.2578125,0.9394531,0.28710938,0.15625,-0.15625,-0.09375
546,1697627805,0.2548828,0.9345703,0.28515625,-0.21875,-0.65625,0.1875
547,1697627845,0.26171875,0.9238281,0.27929688,-0.4375,0.15625,-0.03125
548,1697627885,0.25878906,0.92871094,0.27929688,-0.28125,0.34375,-0.34375
549,1697627925,0.2578125,0.9238281,0.28320312,-0.875,0.09375,-0.53125
550,1697627965,0.265625,0.921875,0.2763672,-0.09375,0.40625,-0.40625
551,1697628005,0.265625,0.91796875,0.296875,-0.15625,-0.15625,-0.40625
552,1697628045,0.25,0.921875,0.29003906,-0.4375,0.09375,-0.28125
553,1697628085,0.2607422,0.9345703,0.27148438,-0.15625,0.53125,-0.21875
554,1697628125,0.2607422,0.93652344,0.29101562,0.21875,0.09375,-0.40625
555,1697628165,0.25683594,0.9326172,0.28320312,-0.09375,-0.15625,-0.09375
556,1697628205,0.2607422,0.93066406,0.265625,-0.21875,0.40625,-0.34375
557,1697628245,0.25683594,0.9199219,0.27929688,-0.03125,0.09375,-0.28125
558,1697628285,0.25097656,0.93066406,0.28710938,-0.375,-0.21875,-0.09375
559,1697628325,0.25097656,0.9199219,0.28320312,-0.15625,-0.03125,-0.09375
560,1697628365,0.25976562,0.91796875,0.28710938,-0.03125,0.15625,-0.03125
561,1697628405,0.26171875,0.93066406,0.28125,-0.34375,-0.15625,-0.40625
562,1697628445,0.26464844,0.9355469,0.26660156,0.03125,-0.03125,-0.34375
563,1697628485,0.25683594,0.9267578,0.28710938,0.09375,0.03125,0.0
564,1697628525,0.25976562,0.9199219,0.2763672,-0.09375,-0.15625,0.0625
565,1697628565,0.25,0.9267578,0.29101562,-0.09375,0.28125,-0.21875
566,1697628605,0.25585938,0.9296875,0.2998047,0.21875,0.15625,-0.28125
567,1697628645,0.26464844,0.9189453,0.28320312,-0.34375,-0.09375,-0.03125
568,1697628685,0.25976562,0.9296875,0.28320312,0.15625,0.21875,-0.21875
569,1697628725,0.2705078,0.9326172,0.27929688,0.46875,-0.03125,0.0
570,1697628765,0.25390625,0.921875,0.2763672,-0.375,-0.34375,0.0
571,1697628805,0.25683594,0.92578125,0.27539062,-0.34375,0.03125,-0.28125
572,1697628845,0.25,0.9277344,0.27929688,-0.03125,0.28125,-0.03125
573,1697628885,0.2626953,0.9267578,0.29101562,-0.4375,-0.40625,0.0
574,1697628925,0.25585938,0.9267578,0.28222656,-0.5625,0.46875,0.3125
575,1697628965,0.24902344,0.9277344,0.28027344,-0.375,0.28125,-0.40625
576,1697629005,0.24609375,0.93066406,0.27734375,-0.4375,-0.53125,-0.34375
577,1697629045,0.2626953,0.92871094,0.27246094,-0.21875,0.03125,-0.34375
578,1697629085,0.2548828,0.9238281,0.28222656,-0.03125,0.28125,-0.03125
579,1697629125,0.2626953,0.921875,0.28125,-0.15625,0.09375,-0.03125
580,1697629165,0.2548828,0.921875,0.29589844,-0.03125,-0.03125,-0.09375
581,1697629205,0.2421875,0.9296875,0.29003906,0.34375,0.28125,-0.09375
582,1697629245,0.25585938,0.9277344,0.28515625,0.21875,-0.03125,0.1875
583,1697629285,0.25390625,0.92285156,0.28320312,-0.21875,-0.21875,-0.21875
584,1697629325,0.2607422,0.9345703,0.28808594,0.15625,0.28125,-0.28125
585,1697629365,0.25390625,0.92871094,0.2890625,-0.15625,0.09375,0.0625
586,1697629405,0.25683594,0.9248047,0.2841797,-0.21875,-0.28125,0.125
587,1697629445,0.25390625,0.921875,0.28515625,-0.375,-0.03125,-0.21875
588,1697629485,0.2529297,0.9238281,0.28710938,-0.21875,0.15625,-0.28125
589,1697629525,0.26171875,0.9277344,0.2861328,0.03125,-0.28125,0.125
590,1697629565,0.25585938,0.92578125,0.27441406,-0.21875,-0.03125,0.0
591,1697629605,0.25976562,0.9238281,0.29296875,0.03125,0.09375,-0.28125
592,1697629645,0.25878906,0.9345703,0.28125,-0.21875,-0.09375,-0.15625
593,1697629685,0.24414062,0.9248047,0.28320312,-0.09375,-0.09375,-0.09375
594,1697629725,0.26171875,0.92089844,0.2861328,-0.15625,-0.15625,0.125
595,1697629765,0.25976562,0.93652344,0.2919922,-0.21875,-0.09375,-0.09375
596,1697629805,0.25585938,0.9326172,0.29101562,-0.28125,0.21875,0.0
597,1697629845,0.2607422,0.9277344,0.2890625,-0.15625,0.03125,0.3125
598,1697629885,0.2578125,0.92871094,0.2734375,0.09375,-0.53125,0.125
599,1697629925,0.27246094,0.9296875,0.2841797,-0.09375,-0.15625,0.4375
600,1697629965,0.2548828,0.93359375,0.29296875,-0.34375,-0.15625,0.375
601,1697630005,0.2548828,0.9296875,0.29003906,-0.4375,-0.28125,0.375
602,1697630045,0.25390625,0.9267578,0.2734375,0.03125,-0.46875,0.375
603,1697630085,0.25585938,0.92089844,0.2890625,0.03125,-0.65625,0.5625
604,1697630125,0.2529297,0.9160156,0.27929688,-0.15625,-0.03125,0.375
605,1697630165,0.2607422,0.9296875,0.2861328,0.15625,-0.21875,0.625
606,1697630205,0.25683594,0.9238281,0.28320312,0.03125,-0.53125,0.8125
607,1697630245,0.26367188,0.9355469,0.2783203,-0.03125,-0.28125,0.5
608,1697630285,0.25683594,0.9326172,0.27929688,0.21875,-0.28125,0.4375
609,1697630325,0.25585938,0.9267578,0.2841797,-0.15625,-0.59375,0.6875
610,1697630365,0.2607422,0.9277344,0.27441406,-0.4375,-0.15625,0.625
611,1697630405,0.2607422,0.92578125,0.27539062,-0.15625,-0.15625,0.75
612,1697630445,0.26171875,0.9238281,0.2783203,-0.21875,-0.59375,0.5625
613,1697630485,0.26953125,0.9248047,0.28710938,-0.28125,-0.09375,0.375
614,1697630525,0.26171875,0.9326172,0.28222656,0.03125,-0.09375,0.8125
615,1697630565,0.26757812,0.921875,0.2919922,-0.5,-0.59375,0.5
616,1697630605,0.2607422,0.9189453,0.2890625,0.21875,0.40625,0.6875
617,1697630645,0.26171875,0.9316406,0.28515625,-0.34375,-0.03125,1.0
618,1697630685,0.27148438,0.91796875,0.26757812,-0.5625,-0.46875,0.3125
619,1697630725,0.27246094,0.92871094,0.2734375,-0.28125,-0.21875,0.125
620,1697630765,0.26464844,0.9238281,0.28222656,-0.375,-0.03125,-0.03125
621,1697630805,0.2626953,0.92871094,0.2841797,-0.5,-0.28125,0.125
622,1697630845,0.2705078,0.9238281,0.27246094,-0.34375,-0.03125,0.375
623,1697630885,0.2705078,0.9277344,0.28320312,-0.4375,-0.59375,0.0625
624,1697630925,0.26757812,0.9267578,0.29101562,-0.34375,0.21875,-0.15625
625,1697630965,0.2626953,0.9326172,0.2861328,-0.09375,-0.03125,0.1875
626,1697631005,0.2734375,0.9355469,0.27734375,-0.28125,-0.46875,0.0625
627,1697631045,0.2626953,0.9296875,0.28125,-0.03125,-0.03125,0.1875
628,1697631085,0.26757812,0.9277344,0.27539062,-0.15625,0.21875,0.25
629,1697631125,0.2685547,0.9238281,0.27734375,-0.5625,-0.15625,-0.03125
630,1697631165,0.27246094,0.9345703,0.27929688,-0.28125,0.03125,-0.15625
631,1697631205,0.2626953,0.9375,0.2763672,-0.09375,0.03125,-0.09375
632,1697631245,0.2841797,0.9248047,0.27539062,-0.21875,-0.28125,-0.09375
633,1697631285,0.27539062,0.9189453,0.29003906,-0.09375,0.28125,-0.09375
634,1697631325,0.2607422,0.9238281,0.29492188,-0.375,0.21875,0.0625
635,1697631365,0.26464844,0.9277344,0.27929688,-0.375,0.03125,0.5
636,1697631405,0.2705078,0.9267578,0.28320312,-0.21875,-0.28125,-0.09375
637,1697631445,0.27734375,0.9121094,0.29101562,-0.34375,0.15625,-0.34375
638,1697631485,0.27539062,0.9277344,0.2783203,-0.34375,0.21875,-0.34375
639,1697631525,0.25683594,0.9355469,0.29882812,0.03125,0.03125,0.0625
640,1697631565,0.2734375,0.92285156,0.28320312,-0.28125,-0.34375,0.0625
641,1697631605,0.26660156,0.9199219,0.28320312,-0.375,-0.15625,0.0
642,1697631645,0.2626953,0.9199219,0.30078125,-0.09375,0.46875,0.0625
643,1697631685,0.26757812,0.9248047,0.29882812,-0.03125,-0.28125,0.3125
644,1697631725,0.28027344,0.9277344,0.2890625,-0.21875,-0.53125,0.0
645,1697631765,0.2626953,0.9189453,0.27246094,-0.28125,0.28125,-0.53125
646,1697631805,0.26953125,0.9394531,0.27734375,0.03125,0.15625,-0.46875
647,1697631845,0.27246094,0.92871094,0.29492188,-0.21875,-0.28125,-0.03125
648,1697631885,0.26367188,0.9248047,0.27148438,-0.34375,0.03125,-0.34375
649,1697631925,0.2685547,0.9189453,0.2783203,-0.09375,-0.09375,-0.90625
650,1697631965,0.2734375,0.9238281,0.2890625,0.15625,0.34375,-0.65625
651,1697632005,0.2607422,0.92578125,0.2890625,-0.03125,0.46875,-0.40625
652,1697632045,0.27246094,0.9248047,0.2890625,-0.28125,-0.09375,-0.90625
653,1697632085,0.27246094,0.92285156,0.27539062,-0.375,-0.28125,-0.71875
654,1697632125,0.2626953,0.92285156,0.2763672,-0.03125,0.625,-0.90625
655,1697632165,0.26171875,0.92578125,0.28125,0.09375,-0.03125,-0.40625
656,1697632205,0.25390625,0.92089844,0.29492188,-0.21875,-0.03125,-0.03125
657,1697632245,0.26757812,0.9267578,0.28808594,-0.34375,-0.09375,-0.53125
658,1697632285,0.26464844,0.9355469,0.2919922,-0.15625,0.28125,-0.84375
659,1697632325,0.26171875,0.9277344,0.29296875,-0.21875,0.5625,-0.65625
660,1697632365,0.25683594,0.9199219,0.28125,0.03125,-0.21875,-0.34375
661,1697632405,0.2685547,0.9345703,0.29785156,-0.09375,-0.15625,-0.46875
662,1697632445,0.25976562,0.9296875,0.28320312,-0.09375,0.40625,-0.34375
663,1697632485,0.25976562,0.9267578,0.28808594,0.09375,0.09375,-0.40625
664,1697632525,0.25878906,0.9277344,0.28710938,-0.28125,-0.03125,-0.40625
665,1697632565,0.2685547,0.9267578,0.2890625,-0.21875,0.34375,-0.28125
666,1697632605,0.2626953,0.9267578,0.28320312,-0.15625,0.03125,-0.21875
667,1697632645,0.25976562,0.93066406,0.28125,-0.34375,0.09375,-0.09375
668,1697632685,0.2626953,0.9248047,0.2861328,0.15625,0.09375,0.0
669,1697632725,0.26660156,0.9355469,0.28125,-0.4375,0.15625,-0.28125
670,1697632765,0.2607422,0.9199219,0.28125,-0.4375,0.40625,-0.46875
671,1697632805,0.25683594,0.9238281,0.2861328,0.09375,-0.15625,-0.53125
672,1697632845,0.2705078,0.9296875,0.28222656,-0.34375,-0.15625,-0.46875
673,1697632885,0.26171875,0.93359375,0.29003906,-0.375,0.40625,-0.59375
674,1697632925,0.25683594,0.9248047,0.28222656,-0.09375,-0.09375,-0.40625
675,1697632965,0.2607422,0.93359375,0.28222656,0.03125,-0.53125,0.0
676,1697633005,0.2607422,0.9267578,0.28027344,-0.03125,0.40625,-0.21875
677,1697633045,0.25,0.92578125,0.2861328,0.28125,0.40625,-0.40625
678,1697633085,0.25390625,0.92578125,0.2919922,-0.03125,-0.34375,0.0625
679,1697633125,0.26464844,0.92871094,0.2763672,-0.03125,0.03125,-0.21875
680,1697633165,0.25976562,0.9238281,0.29101562,0.15625,0.15625,-0.15625
681,1697633205,0.25878906,0.92578125,0.28222656,-0.15625,0.03125,-0.15625
682,1697633245,0.26171875,0.9296875,0.2783203,-0.09375,0.03125,-0.21875
683,1697633285,0.2607422,0.9277344,0.2919922,-0.03125,0.09375,0.125
684,1697633325,0.24804688,0.9345703,0.2919922,-0.4375,-0.03125,0.0625
685,1697633365,0.25878906,0.9296875,0.2861328,-0.15625,0.21875,-0.03125
686,1697633405,0.2578125,0.92285156,0.2919922,-0.03125,0.40625,-0.34375
687,1697633445,0.265625,0.9345703,0.29101562,-0.28125,-0.28125,-0.40625
688,1697633485,0.26367188,0.92285156,0.28222656,-0.03125,0.03125,-0.15625
689,1697633525,0.2548828,0.92578125,0.28027344,-0.09375,0.28125,0.0
690,1697633565,0.26464844,0.93359375,0.2705078,-0.21875,-0.15625,-0.03125
691,1697633605,0.26171875,0.9267578,0.27539062,-0.15625,0.15625,-0.21875
692,1697633645,0.2607422,0.92871094,0.2890625,-0.09375,0.21875,-0.09375
693,1697633685,0.24804688,0.9199219,0.29101562,-0.5625,-0.03125,-0.15625
694,1697633725,0.2548828,0.93066406,0.2841797,0.15625,0.03125,-0.09375
695,1697633765,0.25976562,0.9296875,0.28027344,-0.21875,-0.09375,0.0
696,1697633805,0.24804688,0.9326172,0.2705078,-0.21875,0.28125,-0.28125
697,1697633845,0.2607422,0.921875,0.28125,0.21875,-0.03125,0.0
698,1697633885,0.25976562,0.9248047,0.28710938,-0.09375,-0.28125,-0.03125
699,1697633925,0.26367188,0.9267578,0.29003906,-0.28125,-0.09375,-0.21875
700,1697633965,0.26171875,0.93066406,0.2841797,-0.21875,-0.03125,-0.34375
701,1697634005,0.2607422,0.9296875,0.3017578,-0.03125,0.03125,-0.09375
702,1697634045,0.25976562,0.92285156,0.29003906,-0.34375,0.09375,0.0
703,1697634085,0.26171875,0.9248047,0.2841797,0.03125,0.15625,-0.21875
704,1697634125,0.2548828,0.93359375,0.30078125,-0.34375,-0.03125,-0.28125
705,1697634165,0.2548828,0.93066406,0.2841797,-0.15625,0.28125,-0.15625
706,1697634205,0.25390625,0.921875,0.29003906,0.09375,-0.34375,-0.15625
707,1697634245,0.26171875,0.92578125,0.28125,-0.375,-0.03125,-0.21875
708,1697634285,0.25878906,0.9189453,0.28515625,-0.03125,0.09375,0.0625
709,1697634325,0.25683594,0.9248047,0.2861328,0.03125,-0.21875,-0.15625
710,1697634365,0.2626953,0.921875,0.30273438,-0.28125,0.28125,0.1875
711,1697634405,0.24804688,0.921875,0.29492188,-0.4375,-0.03125,-0.34375
712,1697634445,0.2626953,0.92871094,0.28125,-0.21875,-0.15625,-0.21875
713,1697634485,0.26171875,0.92578125,0.2841797,-0.5,-0.03125,-0.28125
714,1697634525,0.2529297,0.92871094,0.28515625,-0.21875,0.34375,0.125
715,1697634565,0.25585938,0.9296875,0.2841797,-0.5625,0.03125,0.0625
716,1697634605,0.25585938,0.92285156,0.28125,-0.28125,-0.15625,-0.09375
717,1697634645,0.2529297,0.9326172,0.29296875,0.28125,0.03125,-0.09375
718,1697634685,0.25097656,0.92089844,0.28320312,-0.09375,-0.09375,-0.03125
719,1697634725,0.2548828,0.9345703,0.2861328,0.09375,-0.09375,-0.09375
720,1697634765,0.25976562,0.9248047,0.28515625,-0.09375,-0.03125,-0.34375
721,1697634805,0.26367188,0.92871094,0.28222656,0.09375,-0.21875,0.125
722,1697634845,0.25097656,0.9316406,0.2626953,-0.21875,-0.09375,0.125
723,1697634885,0.25,0.93066406,0.28125,-0.34375,-0.34375,0.1875
724,1697634925,0.25097656,0.93066406,0.2890625,-0.21875,-0.28125,0.125
725,1697634965,0.25976562,0.9394531,0.27539062,-0.9375,-1.25,-0.09375
726,1697635005,0.25976562,0.921875,0.29003906,-0.5,0.40625,0.0
727,1697635045,0.25585938,0.9169922,0.2998047,-0.28125,0.34375,0.375
728,1697635085,0.2578125,0.9238281,0.2861328,0.03125,-0.09375,-0.03125
729,1697635125,0.2626953,0.91503906,0.27929688,-0.15625,-0.46875,-0.34375
730,1697635165,0.2529297,0.9248047,0.26660156,-0.875,-0.34375,-0.59375
731,1697635205,0.25585938,0.93359375,0.27246094,0.21875,-0.28125,-0.28125
732,1697635245,0.24316406,0.92871094,0.28027344,-0.5,0.15625,0.1875
733,1697635285,0.2626953,0.9267578,0.28710938,-0.5625,0.6875,0.125
734,1697635325,0.27148438,0.9199219,0.2861328,-0.03125,0.03125,0.1875
735,1697635365,0.27148438,0.92578125,0.28125,-0.21875,-0.34375,-0.34375
736,1697635405,0.265625,0.9296875,0.27246094,0.40625,-0.03125,-0.21875
737,1697635445,0.2607422,0.9345703,0.29785156,0.15625,-0.34375,-0.09375
738,1697635485,0.24609375,0.92578125,0.2890625,-0.375,0.21875,-0.03125
739,1697635525,0.24902344,0.9316406,0.28125,-0.4375,-0.09375,0.125
740,1697635565,0.25683594,0.91796875,0.30078125,-0.75,1.3125,-0.59375
741,1697635605,0.25585938,0.9199219,0.29296875,-0.09375,-0.46875,0.0625
742,1697635645,0.27148438,0.92578125,0.28808594,-0.21875,-0.46875,-0.09375
743,1697635685,0.26367188,0.92871094,0.2861328,0.21875,-0.34375,-0.09375
744,1697635725,0.24609375,0.9326172,0.28515625,0.34375,-0.03125,-0.40625
745,1697635765,0.2529297,0.9277344,0.2861328,-0.09375,0.34375,-0.03125
746,1697635805,0.24902344,0.921875,0.2861328,0.40625,1.3125,-0.09375
747,1697635845,0.25,0.9189453,0.2890625,1.6875,-0.34375,1.0
748,1697635885,0.25390625,0.9277344,0.26757812,0.34375,-0.46875,0.625
749,1697635925,0.2626953,0.9296875,0.27246094,-0.625,0.53125,-0.46875
750,1697635965,0.2578125,0.9296875,0.28515625,-0.5,-0.53125,0.0
751,1697636005,0.25585938,0.9248047,0.29003906,-1.0,-0.59375,-0.03125
752,1697636045,0.25585938,0.921875,0.2890625,-0.8125,0.21875,-0.09375
753,1697636085,0.25878906,0.9189453,0.29296875,-0.75,0.03125,-0.09375
754,1697636125,0.25585938,0.91796875,0.30273438,-0.5625,-0.40625,-0.40625
755,1697636165,0.25195312,0.9277344,0.2705078,0.09375,0.15625,-0.46875
756,1697636205,0.25097656,0.9277344,0.3017578,1.0625,0.15625,-0.21875
757,1697636245,0.26757812,0.9277344,0.28027344,-0.375,-0.65625,-0.46875
758,1697636285,0.24902344,0.9296875,0.2734375,-0.34375,0.53125,-0.09375
759,1697636325,0.2607422,0.92871094,0.30273438,-0.03125,0.21875,-0.34375
