,timestamp,accel_x,accel_y,accel_z,gyro_x,gyro_y,gyro_z
0,1697605965,-0.826416,-0.10406494,-0.54034424,-1.4375,0.171875,0.140625
1,1697606005,-0.83447266,-0.10772705,-0.5401001,-1.125,0.640625,0.359375
2,1697606045,-0.8388672,-0.09967041,-0.538147,-0.578125,0.75,-0.09375
3,1697606085,-0.8352051,-0.11114502,-0.5474243,-0.296875,0.046875,0.28125
4,1697606125,-0.83618164,-0.09820557,-0.54278564,-0.921875,0.765625,0.046875
5,1697606165,-0.8251953,-0.11065674,-0.53448486,-0.09375,1.671875,0.421875
6,1697606205,-0.8310547,-0.11187744,-0.5523071,-1.0625,0.515625,-0.21875
7,1697606245,-0.8322754,-0.10406494,-0.5442505,0.140625,0.828125,0.203125
8,1697606285,-0.82836914,-0.105041504,-0.5432739,-0.546875,1.234375,0.46875
9,1697606325,-0.83691406,-0.11236572,-0.5454712,-0.890625,0.875,0.078125
10,1697606365,-0.83154297,-0.10748291,-0.53741455,1.625,2.03125,0.09375
11,1697606405,-0.83032227,-0.10821533,-0.54937744,-1.765625,1.3125,0.328125
12,1697606445,-0.8327637,-0.09625244,-0.5335083,0.265625,1.265625,0.6875
13,1697606485,-0.82373047,-0.117248535,-0.548645,-1.734375,0.5625,0.890625
14,1697606525,-0.8417969,-0.09259033,-0.5244751,0.578125,2.25,1.4375
15,1697606565,-0.83447266,-0.12823486,-0.5610962,-0.34375,0.421875,-0.078125
16,1697606605,-0.8234863,-0.108947754,-0.5376587,0.140625,1.078125,0.46875
17,1697606645,-0.83081055,-0.105041504,-0.5401001,-1.328125,0.65625,1.890625
18,1697606685,-0.8378906,-0.11627197,-0.56695557,-0.984375,1.203125,2.265625
19,1697606725,-0.83618164,-0.11895752,-0.6211548,-1.875,-2.109375,1.3125
20,1697606765,-0.9152832,-0.109191895,-0.69415283,30.28125,45.09375,-4.859375
21,1697606805,-0.7570801,-0.29180908,-0.35894775,31.5625,47.140625,-3.6875
22,1697606845,-0.8461914,0.10614014,-0.41485596,-31.28125,-12.0,-21.421875
23,1697606885,-0.8713379,-0.022033691,-0.34454346,-7.9375,7.75,-1.375
24,1697606925,-0.90112305,-0.02178955,-0.36993408,-16.625,-8.84375,12.21875
25,1697606965,-1.0314941,-0.06402588,-0.5598755,5.640625,-20.375,1.109375
26,1697607005,-0.8630371,-0.16436768,-0.43902588,3.515625,6.46875,1.1875
27,1697607045,-0.7158203,-0.11016846,-0.55474854,-4.3125,-11.84375,3.140625
28,1697607085,-0.92749023,-0.14117432,-0.65948486,-8.09375,9.078125,2.578125
29,1697607125,-0.9267578,-0.3008423,-0.48687744,-23.296875,16.9375,-9.0625
30,1697607165,-0.8029785,0.054138184,-0.3760376,-51.84375,-8.296875,-25.328125
31,1697607205,-0.8132324,-0.018127441,-0.40948486,-17.03125,-24.953125,-11.421875
32,1697607245,-0.9477539,0.04144287,-0.40216064,0.03125,-7.875,15.234375
33,1697607285,-0.9772949,-0.07550049,-0.35308838,42.125,12.578125,9.65625
34,1697607325,-0.90185547,-0.19781494,-0.54571533,-13.25,-17.3125,-8.484375
35,1697607365,-0.8144531,0.013122559,-0.66851807,5.40625,9.375,13.53125
36,1697607405,-0.7619629,-0.3189087,-0.51275635,14.53125,2.296875,10.625
37,1697607445,-0.8647461,-0.16778564,-0.51763916,-8.0625,-5.390625,-3.84375
38,1697607485,-0.90063477,-0.081604004,-0.5264282,2.015625,5.203125,-2.53125
39,1697607525,-0.80566406,-0.08892822,-0.5186157,-15.234375,-1.671875,2.28125
40,1697607565,-0.89868164,-0.09820557,-0.5462036,-5.796875,-1.75,0.8125
41,1697607605,-0.8586426,-0.20220947,-0.6987915,44.59375,22.96875,2.359375
42,1697607645,-0.85961914,-0.3069458,-0.48638916,64.4375,84.625,2.625
43,1697607685,-0.88378906,0.093444824,-0.33551025,-34.71875,-27.171875,-9.71875
44,1697607725,-0.8613281,0.1552124,-0.3274536,6.234375,2.09375,-13.296875
45,1697607765,-0.85131836,0.078308105,-0.2942505,-11.9375,6.6875,14.515625
46,1697607805,-1.0478516,-0.030090332,-0.17681885,22.453125,-9.265625,-5.109375
47,1697607845,-0.94189453,-0.22686768,-0.6013794,-44.359375,-40.28125,-2.1875
48,1697607885,-0.71972656,0.047058105,-0.63775635,-17.4375,-16.5,9.640625
49,1697607925,-0.8017578,-0.22418213,-0.47784424,-14.484375,-17.390625,1.5625
50,1697607965,-0.9001465,-0.24761963,-0.6226196,-46.5,-24.671875,0.609375
51,1697608005,-0.8286133,-0.13287354,-0.59503174,-3.25,-2.765625,-8.21875
52,1697608045,-0.79052734,-0.08892822,-0.56451416,-5.46875,2.515625,-1.5625
53,1697608085,-0.8347168,-0.089416504,-0.612854,-7.390625,0.109375,4.75
54,1697608125,-0.8676758,-0.10284424,-0.6289673,31.296875,20.015625,1.0
55,1697608165,-0.88183594,-0.3526001,-0.82232666,102.15625,95.75,12.1875
56,1697608205,-0.49365234,-0.053771973,-0.26104736,-4.296875,-15.28125,-7.28125
57,1697608245,-1.1359863,0.23162842,-0.41070557,-2.296875,2.0625,-19.921875
58,1697608285,-0.7927246,0.04534912,-0.28448486,3.125,-7.5,8.09375
59,1697608325,-0.9782715,-0.0012817383,-0.24176025,4.6875,3.65625,-0.390625
60,1697608365,-0.9506836,-0.22418213,-0.66363525,-1.28125,-9.71875,5.640625
61,1697608405,-0.8659668,-0.02911377,-0.7390747,19.984375,26.1875,5.90625
62,1697608445,-0.7463379,-0.1819458,-0.43780518,27.984375,27.21875,-8.125
63,1697608485,-1.0004883,-0.04083252,-0.67926025,-40.796875,-30.71875,-1.609375
64,1697608525,-0.9470215,0.24554443,-0.21783447,-3.625,0.109375,-6.546875
65,1697608565,-0.90356445,-0.009338379,-0.19073486,3.0625,-18.671875,-9.609375
66,1697608605,-0.94433594,0.0040893555,-0.34918213,-4.96875,-0.75,27.96875
67,1697608645,-0.9963379,0.04852295,-0.5383911,12.375,1.546875,-0.875
68,1697608685,-0.8581543,-0.12432861,-0.3098755,25.046875,21.65625,4.578125
69,1697608725,-0.79174805,-0.25982666,-0.5979614,-23.578125,-19.421875,17.984375
70,1697608765,-0.98535156,0.15545654,-0.565979,6.5,0.546875,-5.09375
71,1697608805,-0.7885742,-0.19781494,-0.72125244,-15.015625,-6.625,4.34375
72,1697608845,-0.8791504,-0.023742676,-0.5322876,30.25,37.46875,-0.0625
73,1697608885,-0.8520508,-0.49493408,-0.90753174,-12.046875,36.625,5.171875
74,1697608925,-1.0661621,0.23187256,-0.14483643,-15.59375,-28.4375,-7.53125
75,1697608965,-0.6616211,0.12908936,-0.33111572,14.90625,-9.828125,-15.09375
76,1697609005,-0.92163086,0.054138184,-0.012756348,13.546875,-8.203125,5.046875
77,1697609045,-1.0332031,0.018005371,-0.3513794,-11.265625,14.390625,-5.078125
78,1697609085,-0.9199219,0.001159668,-0.5046997,7.484375,-10.28125,-8.171875
79,1697609125,-0.74902344,-0.12921143,-0.48321533,-13.3125,-17.796875,14.203125
80,1697609165,-0.89160156,-0.09503174,-0.65509033,-35.09375,-43.890625,8.3125
81,1697609205,-0.9645996,-0.006164551,-0.6253052,-24.59375,-13.5625,-12.28125
82,1697609245,-0.7128906,-0.13140869,-0.5718384,-28.265625,-9.71875,-0.6875
83,1697609285,-0.84814453,-0.030822754,-0.5305786,-16.359375,-2.65625,3.015625
84,1697609325,-0.8527832,-0.09576416,-0.5317993,6.671875,11.109375,4.78125
85,1697609365,-0.86083984,-0.14483643,-0.6008911,-6.953125,-0.703125,3.296875
86,1697609405,-0.83691406,-0.07354736,-0.55548096,16.53125,9.234375,-0.9375
87,1697609445,-0.7595215,-0.105285645,-0.52423096,10.65625,11.328125,7.484375
88,1697609485,-0.9128418,-0.031555176,-0.7127075,7.453125,2.765625,0.515625
89,1697609525,-0.8425293,-0.15045166,-0.71759033,77.5,78.390625,5.3125
90,1697609565,-0.79541016,-0.27252197,-0.44805908,-19.296875,13.46875,7.375
91,1697609605,-1.1000977,0.13128662,-0.19293213,-0.875,-13.84375,-31.625
92,1697609645,-0.8535156,0.14959717,-0.11798096,-2.125,-31.890625,-5.203125
93,1697609685,-0.81347656,-0.028869629,-0.50909424,-20.703125,-0.21875,11.8125
94,1697609725,-0.9655762,0.06585693,-0.43243408,19.125,-7.171875,-14.0625
95,1697609765,-0.9094238,-0.13018799,-0.3574829,8.640625,18.453125,14.25
96,1697609805,-0.8137207,-0.18267822,-0.6177368,-16.796875,-29.21875,7.28125
97,1697609845,-0.85961914,0.089782715,-0.61016846,-6.34375,-9.15625,-12.046875
98,1697609885,-0.7722168,-0.18878174,-0.55059814,-20.078125,-4.6875,7.6875
99,1697609925,-0.9050293,-0.039611816,-0.5339966,-10.734375,-2.609375,-4.046875
100,1697609965,-0.84277344,-0.049621582,-0.5276489,-7.703125,-4.234375,-0.578125
101,1697610005,-0.8161621,-0.061584473,-0.5701294,-6.25,3.0625,3.796875
102,1697610045,-0.95092773,0.012634277,-0.55426025,38.578125,35.953125,0.3125
103,1697610085,-0.7495117,-0.39312744,-0.8399048,13.53125,45.1875,11.0
104,1697610125,-0.9794922,0.1515503,-0.10601807,-15.40625,-6.984375,-3.171875
105,1697610165,-0.7963867,0.1383667,-0.47052002,5.75,-19.09375,-29.609375
106,1697610205,-0.88061523,0.027038574,-0.22003174,-15.28125,-4.9375,11.203125
107,1697610245,-0.98046875,0.0446167,-0.29815674,-8.609375,1.46875,1.359375
108,1697610285,-0.89501953,-0.190979,-0.5840454,-7.390625,-35.90625,-20.390625
109,1697610325,-0.82592773,-0.043762207,-0.64141846,-37.3125,-10.90625,14.34375
110,1697610365,-0.72875977,-0.06036377,-0.47003174,-6.328125,-5.328125,11.859375
111,1697610405,-0.8466797,-0.28155518,-0.7383423,-40.640625,-31.828125,-2.71875
112,1697610445,-0.8442383,-0.117492676,-0.56036377,4.953125,30.234375,-10.6875
113,1697610485,-0.85546875,-0.07891846,-0.5393677,10.40625,-0.375,3.703125
114,1697610525,-0.8178711,-0.059143066,-0.60943604,-5.046875,14.921875,0.171875
115,1697610565,-0.80615234,-0.0960083,-0.5564575,22.9375,9.0,-0.296875
116,1697610605,-0.8967285,-0.22369385,-0.82598877,63.59375,48.171875,2.84375
117,1697610645,-0.6010742,-0.2871704,-0.5996704,-2.96875,26.09375,-4.578125
118,1697610685,-1.2438965,0.30999756,-0.030090332,-17.609375,-28.515625,-27.28125
119,1697610725,-0.8486328,0.093444824,-0.32232666,-1.5,-11.9375,-20.46875
120,1697610765,-0.80029297,0.1251831,-0.30108643,8.265625,-3.328125,10.640625
121,1697610805,-1.076416,-0.050354004,-0.35601807,20.15625,3.6875,9.15625
122,1697610845,-0.79785156,-0.082092285,-0.4282837,14.859375,4.578125,31.96875
123,1697610885,-0.78564453,-0.20269775,-0.6680298,-23.703125,-48.484375,-11.140625
124,1697610925,-0.8820801,0.081970215,-0.7024536,-15.234375,-14.96875,-8.890625
125,1697610965,-0.7800293,-0.13775635,-0.7962036,-13.0,6.859375,2.78125
126,1697611005,-0.7775879,-0.15509033,-0.5947876,47.6875,63.03125,3.0625
127,1697611045,-0.83251953,-0.1975708,-0.72076416,-13.234375,-8.734375,-4.21875
128,1697611085,-1.0395508,0.29412842,-0.09454346,-7.921875,17.90625,-17.796875
129,1697611125,-0.9716797,0.24603271,-0.24078369,1.34375,-8.296875,-11.75
130,1697611165,-0.857666,-0.12554932,-0.42852783,3.265625,-9.078125,20.078125
131,1697611205,-0.998291,0.1473999,-0.1987915,42.65625,32.46875,-14.453125
132,1697611245,-0.77490234,-0.3267212,-0.93536377,-19.84375,-18.015625,22.1875
133,1697611285,-0.9313965,0.003112793,-0.47003174,41.828125,39.078125,14.265625
134,1697611325,-0.81884766,-0.16802979,-0.6721802,-28.15625,-20.6875,-9.8125
135,1697611365,-0.8552246,0.050231934,-0.5564575,-11.15625,6.546875,-12.625
136,1697611405,-0.95288086,0.2501831,-0.10626221,-14.609375,5.09375,-10.859375
137,1697611445,-0.7294922,-0.1453247,-0.5249634,5.5625,-10.96875,10.25
138,1697611485,-1.0812988,0.22821045,-0.12310791,15.109375,19.59375,-3.53125
139,1697611525,-0.78344727,-0.042297363,-0.4697876,6.359375,-2.640625,3.09375
140,1697611565,-0.88012695,-0.20391846,-0.6487427,-31.84375,-45.390625,17.109375
141,1697611605,-0.8852539,0.020446777,-0.3640747,-15.09375,-9.71875,-2.71875
142,1697611645,-0.8076172,-0.17266846,-0.76885986,-53.34375,-43.921875,-2.125
143,1697611685,-0.86743164,-0.050598145,-0.66290283,-38.484375,-14.5625,1.71875
144,1697611725,-0.7507324,-0.13116455,-0.54815674,-0.8125,-2.234375,-2.03125
145,1697611765,-0.8210449,-0.15338135,-0.7971802,-21.09375,-10.96875,-5.265625
146,1697611805,-0.88964844,-0.010070801,-0.50128174,28.828125,51.640625,-1.921875
147,1697611845,-0.7961426,-0.19049072,-0.7280884,32.671875,1.59375,-9.8125
148,1697611885,-0.670166,-0.19464111,-0.57110596,40.796875,85.1875,1.421875
149,1697611925,-0.8015137,0.043395996,-0.32476807,-14.03125,-41.734375,2.546875
150,1697611965,-1.0258789,0.16619873,-0.36773682,2.84375,5.75,-34.84375
151,1697612005,-0.75756836,0.12738037,-0.24371338,8.359375,-2.65625,13.671875
152,1697612045,-0.9526367,-0.05255127,-0.45391846,-3.21875,-9.921875,17.671875
153,1697612085,-1.015625,0.02508545,-0.44024658,-2.234375,-2.34375,-17.515625
154,1697612125,-0.6809082,-0.14215088,-0.44488525,5.34375,-4.4375,14.890625
155,1697612165,-0.86621094,-0.09307861,-0.7078247,-30.21875,-36.34375,10.15625
156,1697612205,-0.92211914,0.019470215,-0.517395,-4.15625,8.515625,-2.71875
157,1697612245,-0.7277832,-0.33184814,-0.75616455,-38.109375,-23.25,4.21875
158,1697612285,-0.8605957,-0.008361816,-0.5886841,-17.546875,1.15625,-2.0625
159,1697612325,-0.8510742,-0.10040283,-0.5269165,15.765625,14.546875,-2.515625
160,1697612365,-0.84521484,-0.14361572,-0.61431885,-0.71875,25.515625,5.609375
161,1697612405,-0.7729492,-0.08917236,-0.5462036,-5.390625,1.671875,-0.6875
162,1697612445,-0.8251953,-0.14190674,-0.57281494,9.359375,6.015625,1.671875
163,1697612485,-0.8483887,-0.10333252,-0.64434814,46.421875,42.984375,4.34375
164,1697612525,-0.7766113,-0.29058838,-0.6201782,35.265625,29.625,-4.171875
165,1697612565,-0.93847656,0.101257324,-0.20440674,-14.546875,-10.78125,-20.4375
166,1697612605,-0.8352051,0.19744873,-0.3711548,13.671875,-4.765625,-3.71875
167,1697612645,-0.8947754,0.03265381,-0.32598877,-0.53125,1.140625,24.96875
168,1697612685,-1.036377,-0.0803833,-0.5401001,22.796875,0.5625,-3.234375
169,1697612725,-0.8708496,-0.12335205,-0.6296997,15.171875,18.890625,-2.59375
170,1697612765,-0.7854004,-0.11114502,-0.50738525,11.359375,7.015625,11.546875
171,1697612805,-0.8564453,-0.04425049,-0.68829346,-13.6875,-2.28125,-6.28125
172,1697612845,-1.0024414,0.13470459,-0.3086548,-20.6875,-20.171875,-6.75
173,1697612885,-0.9033203,-0.031555176,-0.36090088,-5.9375,-5.921875,-11.46875
174,1697612925,-0.92578125,0.039489746,-0.30841064,-17.59375,0.375,3.953125
175,1697612965,-0.9260254,0.16522217,-0.2498169,8.71875,3.46875,-1.234375
176,1697613005,-0.8808594,-0.05206299,-0.43145752,13.015625,1.25,8.640625
177,1697613045,-0.9223633,-0.1182251,-0.70806885,-34.984375,-16.015625,29.21875
178,1697613085,-0.7817383,-0.11578369,-0.409729,4.171875,-2.96875,4.359375
179,1697613125,-0.7807617,-0.22393799,-0.6465454,-10.125,-20.15625,-1.609375
180,1697613165,-0.89404297,-0.04547119,-0.63409424,-8.8125,-2.40625,-0.5625
181,1697613205,-0.8327637,-0.09210205,-0.61602783,-6.5,-0.84375,-0.515625
182,1697613245,-0.84643555,-0.10650635,-0.53790283,-11.640625,2.9375,-2.1875
183,1697613285,-0.84765625,-0.06719971,-0.5132446,-8.90625,-2.796875,-1.75
184,1697613325,-0.8251953,-0.10406494,-0.5147095,-3.328125,1.09375,-1.0625
185,1697613365,-0.8376465,-0.11114502,-0.59991455,-8.59375,-7.953125,0.859375
186,1697613405,-0.9946289,0.04949951,-0.65338135,68.890625,43.1875,-2.390625
187,1697613445,-0.8317871,-0.44976807,-0.5755005,47.796875,51.46875,13.953125
188,1697613485,-0.69677734,0.20477295,-0.35650635,-30.1875,-15.46875,-8.640625
189,1697613525,-0.9609375,0.06512451,-0.2835083,5.6875,2.9375,-16.640625
190,1697613565,-0.96435547,-0.009094238,-0.37750244,-21.203125,-1.734375,16.171875
191,1697613605,-1.046875,0.10028076,-0.3345337,16.578125,-0.71875,-9.75
192,1697613645,-0.888916,-0.1975708,-0.41778564,-7.765625,-13.890625,-4.296875
193,1697613685,-0.7211914,-0.112854004,-0.7202759,-23.625,-30.28125,11.0625
194,1697613725,-0.95043945,0.034606934,-0.65289307,9.703125,18.875,1.5625
195,1697613765,-0.8239746,-0.40924072,-0.8323364,21.53125,51.609375,-2.78125
196,1697613805,-0.8532715,-0.0025024414,-0.20904541,-6.453125,-9.78125,-11.515625
197,1697613845,-0.99243164,0.36932373,-0.31304932,5.515625,7.40625,-18.28125
198,1697613885,-0.86157227,0.112976074,-0.21417236,20.953125,8.015625,15.265625
199,1697613925,-0.93530273,-0.023010254,-0.23175049,14.234375,-4.5,21.25
200,1697613965,-0.99072266,-0.10992432,-0.56915283,-28.90625,-22.3125,-1.03125
201,1697614005,-0.87402344,0.0018920898,-0.62628174,-19.0,-14.078125,0.6875
202,1697614045,-0.71069336,-0.14239502,-0.48712158,-10.140625,-18.8125,-0.3125
203,1697614085,-0.7973633,-0.14141846,-0.6248169,-15.90625,-11.25,0.921875
204,1697614125,-0.91430664,-0.06793213,-0.5593872,-5.609375,4.171875,2.96875
205,1697614165,-0.8874512,-0.057922363,-0.5298462,-5.640625,12.328125,-1.3125
206,1697614205,-0.8652344,-0.05718994,-0.51031494,-5.75,5.078125,-3.984375
207,1697614245,-0.87280273,-0.06500244,-0.51397705,-4.015625,0.046875,-4.28125
208,1697614285,-0.8430176,-0.08306885,-0.59820557,-11.078125,-6.046875,0.75
209,1697614325,-0.92626953,-0.061828613,-0.75567627,21.59375,24.375,-2.5
210,1697614365,-0.8352051,-0.26885986,-0.41607666,51.59375,53.890625,3.390625
211,1697614405,-0.7438965,-0.004699707,-0.37945557,-54.890625,-54.28125,-14.5625
212,1697614445,-0.8937988,0.199646,-0.31207275,-3.75,25.421875,-29.96875
213,1697614485,-0.9614258,0.1828003,-0.29156494,-3.25,-6.0,18.703125
214,1697614525,-0.9309082,-0.019104004,-0.15240479,7.984375,0.71875,-7.203125
215,1697614565,-0.8847656,-0.027893066,-0.36505127,-1.890625,-19.484375,-0.359375
216,1697614605,-0.87646484,-0.22784424,-0.9368286,-4.8125,-15.5,26.203125
217,1697614645,-0.8195801,-0.07232666,-0.36260986,11.53125,17.1875,8.453125
218,1697614685,-0.8330078,-0.11627197,-0.5523071,4.671875,-23.984375,-6.359375
219,1697614725,-0.8774414,-0.022766113,-0.6482544,-22.515625,-3.4375,0.53125
220,1697614765,-0.80029297,-0.0491333,-0.5339966,-0.875,3.8125,2.859375
221,1697614805,-0.90527344,-0.15362549,-0.77593994,28.578125,23.609375,-3.78125
222,1697614845,-0.8820801,-0.11920166,-0.46783447,24.1875,39.03125,4.65625
223,1697614885,-0.814209,0.02508545,-0.42999268,-30.65625,-17.0625,-11.859375
224,1697614925,-0.91015625,0.14788818,-0.31256104,-0.90625,-3.1875,-15.71875
225,1697614965,-0.8786621,0.097351074,-0.29888916,-7.734375,0.609375,10.671875
226,1697615005,-0.9638672,0.082214355,-0.26226807,2.109375,5.96875,3.75
227,1697615045,-0.9367676,-0.20684814,-0.70391846,-29.515625,-36.890625,2.328125
228,1697615085,-0.7871094,-0.034973145,-0.6939087,-22.546875,-17.453125,8.171875
229,1697615125,-0.6220703,-0.1807251,-0.4121704,8.53125,1.84375,5.15625
230,1697615165,-0.9584961,-0.14630127,-0.6865845,-10.609375,-11.734375,-1.9375
231,1697615205,-0.9086914,-0.04864502,-0.56573486,-5.984375,11.53125,0.859375
232,1697615245,-0.79589844,-0.06842041,-0.4932251,3.328125,5.296875,-2.078125
233,1697615285,-0.82250977,-0.121154785,-0.64508057,-14.859375,-11.890625,-1.015625
234,1697615325,-0.7993164,-0.06915283,-0.52593994,4.3125,6.34375,2.921875
235,1697615365,-0.7897949,-0.19171143,-0.7119751,-23.65625,-19.9375,-0.71875
236,1697615405,-0.8249512,-0.08355713,-0.5615845,-7.625,0.625,-6.65625
237,1697615445,-0.8100586,-0.18292236,-0.76446533,1.75,-2.84375,-10.578125
238,1697615485,-0.7578125,-0.030090332,-0.34552002,33.125,61.21875,-8.078125
239,1697615525,-0.9868164,0.02532959,-0.44244385,-22.390625,-28.265625,-5.1875
240,1697615565,-0.9511719,0.15374756,-0.17608643,35.609375,18.140625,-24.53125
241,1697615605,-0.65063477,0.03265381,-0.38336182,8.21875,1.109375,36.875
242,1697615645,-1.0495605,0.005065918,-0.48516846,2.171875,-16.140625,11.421875
243,1697615685,-0.95043945,-0.11578369,-0.56866455,-5.78125,-14.265625,-8.40625
244,1697615725,-0.74243164,-0.32574463,-0.75079346,-34.921875,-39.453125,13.21875
245,1697615765,-0.6738281,0.001159668,-0.5630493,-12.75,1.453125,2.421875
246,1697615805,-0.7619629,-0.16314697,-0.6968384,-10.78125,-4.703125,0.71875
247,1697615845,-0.9030762,-0.16729736,-0.6802368,-17.6875,-6.671875,-0.53125
248,1697615885,-0.77734375,-0.08355713,-0.65460205,32.90625,30.46875,-4.75
249,1697615925,-0.8286133,-0.16070557,-0.8428345,61.09375,53.625,5.484375
250,1697615965,-0.7241211,-0.038391113,-0.28912354,-0.390625,27.203125,-3.1875
251,1697616005,-1.0324707,0.027770996,-0.34918213,-21.03125,-15.484375,-30.078125
252,1697616045,-0.8413086,0.12054443,-0.36187744,-12.578125,-5.96875,1.03125
253,1697616085,-0.74243164,0.13348389,-0.40142822,0.96875,0.546875,24.3125
254,1697616125,-1.0009766,-0.2366333,-0.7168579,-8.796875,-37.796875,-9.40625
255,1697616165,-0.90844727,-0.18121338,-0.7131958,34.640625,49.671875,13.515625
256,1697616205,-0.6489258,-0.25201416,-0.6206665,37.78125,27.171875,-1.21875
257,1697616245,-1.0275879,0.16668701,-0.4368286,-33.09375,-12.59375,-15.015625
258,1697616285,-0.8408203,0.06707764,-0.43829346,-18.140625,-3.015625,-7.984375
259,1697616325,-0.85424805,0.08709717,-0.19317627,-5.109375,-8.578125,2.0625
260,1697616365,-0.95336914,0.0368042,-0.36553955,-16.75,-12.90625,7.609375
261,1697616405,-0.89819336,0.022644043,-0.5569458,-6.46875,-29.5625,-2.53125
262,1697616445,-0.83325195,-0.12237549,-0.5835571,-9.484375,-3.59375,12.15625
263,1697616485,-0.7182617,-0.28741455,-0.6729126,-19.046875,-16.078125,18.765625
264,1697616525,-0.8198242,-0.058166504,-0.6494751,-13.703125,-19.78125,-2.078125
265,1697616565,-0.7595215,-0.14190674,-0.6240845,-16.359375,-2.5,-4.25
266,1697616605,-0.8425293,-0.08648682,-0.6626587,-18.65625,-4.34375,-2.125
267,1697616645,-0.79956055,-0.1362915,-0.6350708,4.75,11.5625,-3.71875
268,1697616685,-0.81640625,-0.09844971,-0.6814575,23.328125,20.359375,-9.1875
269,1697616725,-0.83374023,-0.109680176,-0.57940674,75.140625,79.203125,6.390625
270,1697616765,-0.748291,-0.24713135,-0.54400635,29.0625,43.078125,9.0
271,1697616805,-1.1252441,0.13031006,-0.26104736,-14.234375,-20.0625,-15.3125
272,1697616845,-0.6525879,0.13812256,-0.34136963,-10.546875,-0.234375,-9.703125
273,1697616885,-1.0300293,0.06829834,-0.26690674,-12.328125,-6.546875,13.0
274,1697616925,-0.9345703,-0.05206299,-0.44171143,-12.75,-19.953125,-6.0
275,1697616965,-0.82592773,0.06976318,-0.58013916,-9.40625,-17.890625,-0.984375
276,1697617005,-0.7844238,-0.12921143,-0.505188,-2.953125,-4.21875,25.6875
277,1697617045,-0.92700195,-0.21734619,-0.690979,-9.078125,-18.046875,8.046875
278,1697617085,-0.84521484,-0.06915283,-0.53375244,7.703125,1.75,-6.96875
279,1697617125,-0.7578125,-0.12384033,-0.5166626,-5.5625,-3.3125,0.421875
280,1697617165,-0.83569336,-0.016418457,-0.63946533,-20.21875,-6.765625,2.6875
281,1697617205,-0.8708496,-0.051330566,-0.5515747,6.046875,10.0625,-0.046875
282,1697617245,-0.93969727,-0.13946533,-0.7666626,55.296875,44.78125,-2.15625
283,1697617285,-0.79663086,-0.26031494,-0.42242432,52.390625,70.125,5.09375
284,1697617325,-0.80810547,0.041931152,-0.33648682,-43.953125,-17.25,-3.65625
285,1697617365,-0.9638672,0.2987671,-0.097229004,23.796875,3.390625,-18.28125
286,1697617405,-0.8132324,-0.014709473,-0.40289307,-9.765625,-3.75,6.65625
287,1697617445,-1.0068359,-0.089416504,-0.5733032,-1.703125,-5.0,6.359375
288,1697617485,-0.93066406,-0.14776611,-0.5684204,19.328125,19.75,-2.078125
289,1697617525,-0.8371582,-0.23394775,-0.663147,11.78125,18.734375,-1.6875
290,1697617565,-0.8811035,0.14520264,-0.39361572,-26.203125,-22.3125,-11.609375
291,1697617605,-0.9436035,0.2501831,-0.302063,-7.296875,-7.421875,-21.40625
292,1697617645,-0.88842773,-0.062805176,-0.1716919,-14.21875,-12.75,12.09375
293,1697617685,-1.0290527,0.070495605,-0.15802002,1.359375,5.78125,6.421875
294,1697617725,-0.9272461,0.0028686523,-0.440979,-7.28125,-12.296875,4.046875
295,1697617765,-0.7722168,-0.12530518,-0.8867798,-32.203125,-45.71875,20.15625
296,1697617805,-0.7973633,-0.045715332,-0.34552002,-15.890625,-11.71875,5.6875
297,1697617845,-0.80029297,-0.33843994,-0.5569458,-15.4375,-17.375,8.828125
298,1697617885,-0.8618164,-0.16656494,-0.7920532,-23.75,-17.703125,-3.546875
299,1697617925,-0.8256836,0.01776123,-0.58184814,1.765625,10.875,-0.125
300,1697617965,-0.8088379,-0.10675049,-0.55010986,-8.578125,5.953125,1.6875
301,1697618005,-0.8483887,-0.124572754,-0.5581665,-5.859375,4.9375,-3.703125
302,1697618045,-0.91015625,-0.121398926,-0.5474243,17.765625,16.59375,-3.390625
303,1697618085,-0.7663574,-0.15704346,-0.675354,-8.28125,-3.046875,2.046875
304,1697618125,-0.8232422,-0.085754395,-0.63897705,48.75,38.046875,-1.21875
305,1697618165,-0.74365234,-0.27471924,-0.4397583,42.84375,48.734375,0.015625
306,1697618205,-0.90893555,-0.085510254,-0.56573486,-17.875,2.640625,-13.140625
307,1697618245,-0.9030762,0.023132324,-0.31036377,0.125,-3.203125,-21.421875
308,1697618285,-0.7858887,0.2111206,-0.26348877,-9.796875,-8.546875,1.78125
309,1697618325,-1.0117188,0.007507324,-0.21343994,-2.6875,2.28125,7.015625
310,1697618365,-0.9880371,-0.019592285,-0.41290283,3.796875,-17.25,-5.203125
311,1697618405,-0.87353516,0.0033569336,-0.50128174,3.140625,-16.015625,1.828125
312,1697618445,-0.7788086,-0.1494751,-0.5647583,-25.046875,-16.390625,20.015625
313,1697618485,-0.78149414,-0.23077393,-0.5647583,-21.234375,-20.65625,13.78125
314,1697618525,-0.87402344,-0.21099854,-0.62994385,-27.265625,-21.75,-3.484375
315,1697618565,-0.77783203,-0.06793213,-0.62042236,-21.203125,-9.96875,-4.03125
316,1697618605,-0.80029297,-0.0869751,-0.6370239,-8.34375,0.734375,0.109375
317,1697618645,-0.8811035,-0.094055176,-0.6079712,2.78125,8.859375,-2.734375
318,1697618685,-0.9116211,-0.19854736,-0.6741333,85.375,65.0625,3.765625
319,1697618725,-0.83251953,-0.19537354,-0.43463135,44.109375,40.6875,1.640625
320,1697618765,-0.99780273,0.01727295,-0.40386963,6.578125,13.171875,-3.703125
321,1697618805,-0.7336426,0.16693115,-0.31427002,17.65625,6.421875,-1.0625
322,1697618845,-0.80810547,0.0053100586,-0.32232666,-16.96875,5.546875,6.9375
323,1697618885,-1.1604004,-0.009094238,-0.32720947,-7.109375,-19.9375,-6.96875
324,1697618925,-0.9250488,-0.09649658,-0.67852783,6.25,-0.21875,-8.703125
325,1697618965,-0.7890625,-0.0713501,-0.5315552,10.890625,17.90625,13.4375
326,1697619005,-0.798584,-0.117248535,-0.33673096,2.421875,5.640625,-3.1875
327,1697619045,-1.0024414,0.023864746,-0.5874634,-9.1875,-1.390625,-10.296875
328,1697619085,-0.8857422,-0.0029907227,-0.44024658,-5.84375,-2.859375,-5.734375
329,1697619125,-0.8286133,0.014099121,-0.37261963,-14.5625,-10.1875,-0.28125
330,1697619165,-0.95874023,0.07928467,-0.32598877,-16.375,-9.421875,-4.125
331,1697619205,-0.9645996,0.062683105,-0.2564087,-0.484375,-3.390625,-4.421875
332,1697619245,-0.9140625,0.11175537,-0.3399048,-1.859375,4.1875,4.453125
333,1697619285,-0.7937012,-0.09429932,-0.5508423,-18.765625,-23.34375,11.84375
334,1697619325,-0.8876953,-0.16680908,-0.5371704,-41.3125,-36.296875,10.25
335,1697619365,-0.8391113,-0.2571411,-0.65093994,-25.796875,-31.15625,3.65625
336,1697619405,-0.74731445,-0.038146973,-0.6616821,-6.453125,1.15625,-4.453125
337,1697619445,-0.8273926,-0.1350708,-0.473938,6.765625,12.375,2.578125
338,1697619485,-0.86328125,-0.20196533,-0.6355591,-12.609375,-3.359375,2.03125
339,1697619525,-0.83984375,-0.059143066,-0.54644775,-5.90625,1.109375,0.140625
340,1697619565,-0.78149414,-0.15509033,-0.61138916,6.0,1.296875,-1.25
341,1697619605,-0.8876953,-0.14874268,-0.7493286,15.25,22.859375,-2.75
342,1697619645,-0.8330078,-0.20269775,-0.49591064,44.765625,49.25,-3.21875
343,1697619685,-0.82177734,-0.042541504,-0.5203247,25.8125,11.53125,-16.546875
344,1697619725,-0.7807617,0.018249512,-0.40509033,6.0,12.1875,-17.390625
345,1697619765,-1.03125,0.29071045,-0.08868408,18.453125,-10.6875,7.171875
346,1697619805,-0.9560547,-0.039123535,-0.24591064,-4.28125,11.140625,10.796875
347,1697619845,-0.9343262,0.031921387,-0.4060669,8.34375,-10.5625,-2.96875
348,1697619885,-0.93310547,-0.06549072,-0.57940674,-16.21875,-24.96875,6.046875
349,1697619925,-0.6906738,-0.22833252,-0.7217407,-40.828125,-22.328125,14.53125
350,1697619965,-0.7531738,-0.105529785,-0.49224854,-14.546875,-22.6875,5.859375
351,1697620005,-0.9057617,-0.1897583,-0.54766846,-1.5,-1.015625,1.046875
352,1697620045,-0.91503906,-0.057922363,-0.6397095,-10.140625,-0.03125,-6.796875
353,1697620085,-0.8154297,0.026306152,-0.5671997,-4.5,3.578125,1.15625
354,1697620125,-0.7897949,-0.10870361,-0.49346924,2.859375,6.171875,4.0
355,1697620165,-0.84716797,-0.13189697,-0.5376587,-3.84375,-1.421875,1.671875
356,1697620205,-0.82592773,-0.15509033,-0.673645,1.390625,-2.96875,0.34375
357,1697620245,-0.904541,-0.07550049,-0.72052,42.34375,46.171875,-6.921875
358,1697620285,-0.7001953,-0.2835083,-0.4854126,64.921875,53.0625,5.140625
359,1697620325,-0.85498047,0.10272217,-0.41583252,-34.34375,-7.703125,-25.453125
360,1697620365,-1.0217285,0.24066162,-0.094055176,0.5625,-28.65625,-11.390625
361,1697620405,-0.86035156,0.00018310547,-0.32183838,-7.703125,13.015625,14.671875
362,1697620445,-0.91503906,0.101745605,-0.32354736,11.9375,0.609375,7.046875
363,1697620485,-0.9831543,-0.11480713,-0.60479736,1.640625,-29.078125,-1.71875
364,1697620525,-0.861084,-0.16046143,-0.6309204,-2.21875,17.578125,14.484375
365,1697620565,-0.7006836,-0.13116455,-0.61724854,8.171875,-6.578125,8.21875
366,1697620605,-1.0151367,-0.066223145,-0.6338501,21.453125,42.28125,-7.078125
367,1697620645,-0.8249512,0.034362793,-0.31549072,-26.53125,-23.765625,-12.90625
368,1697620685,-0.7480469,-0.0068969727,-0.49957275,-19.546875,12.90625,-8.421875
369,1697620725,-1.0456543,0.12689209,-0.2276001,17.4375,-9.390625,12.828125
370,1697620765,-0.8823242,-0.01373291,-0.25152588,-7.1875,6.75,-12.375
371,1697620805,-0.8618164,0.10638428,-0.39019775,-3.875,-13.484375,4.171875
372,1697620845,-0.91186523,-0.16119385,-0.6802368,-23.84375,-31.671875,18.421875
373,1697620885,-0.78100586,-0.120910645,-0.5540161,-6.734375,-8.9375,5.828125
374,1697620925,-0.81762695,-0.11993408,-0.50250244,-9.0625,-14.390625,7.671875
375,1697620965,-0.89746094,-0.062561035,-0.78302,-12.546875,-16.21875,-5.59375
376,1697621005,-0.7585449,-0.061828613,-0.47784424,6.75,21.96875,5.9375
377,1697621045,-0.954834,-0.08770752,-0.5835571,15.53125,13.453125,-0.625
378,1697621085,-0.92944336,-0.016418457,-0.71661377,52.03125,50.40625,-11.421875
379,1697621125,-0.7297363,-0.18511963,-0.46221924,51.921875,61.734375,5.828125
380,1697621165,-0.9421387,-0.11798096,-0.5108032,-37.375,-38.390625,-2.84375
381,1697621205,-0.7155762,0.2345581,-0.26837158,4.953125,5.53125,-28.25
382,1697621245,-1.1083984,0.137146,-0.14459229,-23.828125,-18.703125,1.609375
383,1697621285,-0.85839844,-0.01739502,-0.40509033,-1.03125,-10.578125,-9.28125
384,1697621325,-0.89404297,0.14300537,-0.4817505,0.71875,-14.75,2.453125
385,1697621365,-0.77783203,-0.19049072,-0.46246338,-7.421875,-7.28125,23.578125
386,1697621405,-0.88964844,-0.057922363,-0.5742798,-5.21875,-26.140625,-0.484375
387,1697621445,-0.89208984,0.07244873,-0.48394775,9.15625,4.546875,-0.3125
388,1697621485,-0.77490234,-0.14581299,-0.6897583,-21.640625,-5.96875,10.71875
389,1697621525,-0.91552734,-0.0029907227,-0.59381104,-20.734375,-10.9375,-0.75
390,1697621565,-0.7626953,-0.19390869,-0.5772095,4.390625,2.0,-2.03125
391,1697621605,-0.95043945,-0.02178955,-0.8731079,14.5,20.828125,-13.84375
392,1697621645,-0.7961426,-0.105529785,-0.40582275,49.6875,87.84375,12.375
393,1697621685,-0.98583984,-0.09259033,-0.55548096,-43.171875,-24.265625,-19.546875
394,1697621725,-0.74365234,0.08465576,-0.10601807,-15.171875,-8.484375,-32.265625
395,1697621765,-0.9382324,0.18450928,-0.27667236,-11.75,-5.515625,10.90625
396,1697621805,-0.9453125,0.16937256,-0.30767822,10.296875,6.953125,12.640625
397,1697621845,-0.94921875,-0.028137207,-0.4590454,10.09375,-15.125,1.40625
398,1697621885,-0.8569336,-0.2000122,-0.6445923,-2.875,-7.96875,18.421875
399,1697621925,-0.76293945,-0.0791626,-0.6506958,-2.359375,-15.046875,3.359375
400,1697621965,-0.8708496,-0.019592285,-0.6018677,4.671875,12.578125,0.96875
401,1697622005,-0.9291992,-0.17608643,-0.87579346,30.5625,47.390625,-6.65625
402,1697622045,-0.8066406,-0.11505127,-0.2769165,-4.671875,11.75,-11.71875
403,1697622085,-0.9301758,0.16156006,-0.21759033,-37.875,-18.5625,-22.515625
404,1697622125,-0.873291,0.2164917,-0.31036377,6.015625,-14.4375,0.9375
405,1697622165,-0.89282227,0.062683105,-0.3430786,2.0625,-5.578125,20.1875
406,1697622205,-0.9921875,-0.061584473,-0.47564697,7.953125,-10.046875,-4.59375
407,1697622245,-0.9157715,-0.09185791,-0.58428955,-8.359375,1.640625,8.640625
408,1697622285,-0.76123047,-0.0154418945,-0.5623169,12.46875,-4.03125,9.421875
409,1697622325,-0.85839844,-0.018371582,-0.50616455,-6.46875,-15.9375,-1.140625
410,1697622365,-0.85375977,-0.06451416,-0.59552,-19.078125,-14.546875,1.703125
411,1697622405,-0.9597168,-0.0017700195,-0.6682739,20.984375,30.265625,2.125
412,1697622445,-0.9296875,-0.34747314,-0.833313,33.890625,63.59375,7.140625
413,1697622485,-0.72143555,0.11834717,-0.0725708,-19.4375,-16.828125,-19.625
414,1697622525,-0.8395996,0.2033081,-0.29058838,15.140625,7.890625,-15.046875
415,1697622565,-0.8791504,0.13104248,-0.331604,-10.203125,-7.828125,15.46875
416,1697622605,-1.0510254,0.015075684,-0.23150635,4.96875,3.0,-10.421875
417,1697622645,-0.84765625,-0.1194458,-0.6030884,-30.234375,-24.84375,1.71875
418,1697622685,-0.85131836,0.08734131,-0.55133057,-12.84375,-8.875,16.875
419,1697622725,-0.83325195,0.008728027,-0.3477173,19.34375,18.6875,12.078125
420,1697622765,-0.9802246,-0.2468872,-0.7354126,-9.421875,-3.578125,3.65625
421,1697622805,-0.9482422,0.06439209,-0.51812744,-2.53125,9.75,-1.0625
422,1697622845,-0.74609375,-0.105041504,-0.3731079,10.421875,11.515625,-2.109375
423,1697622885,-0.9550781,-0.0017700195,-0.4710083,-19.71875,0.03125,-2.890625
424,1697622925,-0.88720703,-0.031066895,-0.42730713,1.03125,-3.078125,-1.75
425,1697622965,-0.8791504,-0.054748535,-0.46270752,-3.125,-2.109375,2.09375
426,1697623005,-0.94799805,-0.024963379,-0.6043091,10.78125,11.265625,0.890625
427,1697623045,-0.83447266,-0.12237549,-0.5762329,46.21875,46.890625,8.9375
428,1697623085,-0.8701172,-0.06085205,-0.20635986,-13.65625,-32.296875,-12.609375
429,1697623125,-0.8339844,0.16278076,-0.21881104,-6.546875,-9.140625,-31.421875
430,1697623165,-1.0393066,0.19989014,-0.25665283,-1.59375,-0.40625,22.078125
431,1697623205,-0.9160156,-0.034484863,-0.43048096,8.46875,-9.546875,-0.640625
432,1697623245,-0.9663086,-0.021057129,-0.5046997,8.671875,4.140625,-10.25
433,1697623285,-0.8742676,-0.15240479,-0.67022705,8.34375,14.59375,20.96875
434,1697623325,-0.92285156,-0.08062744,-0.583313,3.859375,10.375,-7.84375
435,1697623365,-1.0048828,0.06488037,-0.37872314,-50.484375,-14.09375,-2.515625
436,1697623405,-0.8342285,0.078308105,-0.331604,-1.5,7.21875,-13.703125
437,1697623445,-0.8647461,0.04486084,-0.35308838,-10.109375,-1.84375,-6.640625
438,1697623485,-0.9304199,0.06365967,-0.29864502,0.015625,10.5625,7.9375
439,1697623525,-0.92993164,0.014831543,-0.45977783,-4.515625,-7.875,-5.984375
440,1697623565,-0.907959,0.007751465,-0.37164307,11.28125,-7.890625,-0.015625
441,1697623605,-0.86499023,-0.06915283,-0.50079346,-28.828125,-18.734375,10.5
442,1697623645,-0.8911133,0.019470215,-0.49371338,-31.0625,-27.546875,-1.125
443,1697623685,-0.875,0.011169434,-0.4163208,-18.265625,-8.359375,-0.671875
444,1697623725,-0.8852539,-0.1921997,-0.5303345,-20.453125,-13.640625,1.953125
445,1697623765,-0.91137695,0.008483887,-0.50567627,-27.484375,-14.234375,-4.5625
446,1697623805,-0.7402344,-0.08404541,-0.6248169,3.625,-4.875,0.5625
447,1697623845,-0.859375,-0.011291504,-0.5877075,8.296875,1.03125,1.765625
448,1697623885,-0.83691406,-0.25811768,-0.9644165,86.09375,75.40625,8.0625
449,1697623925,-0.7175293,-0.11383057,-0.3250122,10.84375,1.171875,-2.84375
450,1697623965,-1.0817871,0.21990967,-0.31744385,-16.765625,-5.9375,-26.34375
451,1697624005,-0.78222656,0.14398193,-0.32891846,18.0625,-9.453125,2.21875
452,1697624045,-0.8552246,0.077819824,-0.26983643,-15.5,-3.671875,33.203125
453,1697624085,-1.034668,-0.0032348633,-0.37921143,24.34375,-7.71875,-10.765625
454,1697624125,-0.90478516,-0.1572876,-0.7678833,-8.328125,-12.59375,11.28125
455,1697624165,-0.7468262,-0.08331299,-0.44854736,6.640625,0.609375,11.484375
456,1697624205,-0.8015137,-0.05206299,-0.67926025,-11.75,-13.875,-0.734375
457,1697624245,-0.95581055,0.019226074,-0.6289673,7.375,14.15625,-1.671875
458,1697624285,-0.79589844,-0.21466064,-0.62994385,10.28125,21.796875,3.65625
459,1697624325,-0.8444824,0.08392334,-0.4397583,-11.625,10.640625,-9.328125
460,1697624365,-0.9699707,0.05633545,-0.51104736,-3.75,1.71875,-6.765625
461,1697624405,-0.8754883,-0.047180176,-0.27911377,4.171875,8.984375,-5.34375
462,1697624445,-0.9812012,0.16937256,-0.1921997,-15.0,-2.578125,4.203125
463,1697624485,-0.90112305,-0.05596924,-0.46832275,2.6875,-3.90625,-6.71875
464,1697624525,-0.8625488,0.12884521,-0.3189087,9.796875,-5.28125,-8.9375
465,1697624565,-0.81030273,-0.06304932,-0.58795166,-28.765625,-25.640625,7.875
466,1697624605,-0.9433594,-0.10650635,-0.58673096,-27.78125,-28.234375,6.171875
467,1697624645,-0.7548828,-0.19464111,-0.45513916,-22.8125,-13.8125,1.5
468,1697624685,-0.8190918,-0.120910645,-0.7666626,-41.625,-28.390625,-0.65625
469,1697624725,-0.7685547,-0.02154541,-0.5647583,-7.078125,-3.859375,-0.546875
470,1697624765,-0.8171387,-0.10455322,-0.5249634,-9.421875,-7.28125,1.515625
471,1697624805,-0.83325195,-0.17974854,-0.71221924,-27.5,-6.515625,2.9375
472,1697624845,-0.7844238,-0.08258057,-0.60040283,11.765625,1.515625,-2.90625
473,1697624885,-0.68774414,-0.2185669,-0.6638794,6.78125,2.546875,0.734375
474,1697624925,-0.85839844,-0.0635376,-0.68170166,37.375,28.0625,-1.453125
475,1697624965,-0.7150879,-0.26812744,-0.64678955,82.015625,70.375,8.15625
476,1697625005,-0.92333984,0.0770874,-0.3604126,14.609375,16.734375,5.984375
477,1697625045,-1.013916,0.039489746,-0.35406494,6.546875,7.984375,-8.296875
478,1697625085,-0.77612305,0.030700684,-0.38555908,-18.328125,-9.796875,7.359375
479,1697625125,-0.82373047,0.04486084,-0.5203247,-16.3125,-13.4375,4.625
480,1697625165,-0.95092773,-0.15362549,-0.60650635,-5.359375,-18.921875,2.796875
481,1697625205,-0.8015137,-0.16314697,-0.5725708,-3.703125,1.421875,0.03125
482,1697625245,-0.8171387,-0.06890869,-0.6255493,14.921875,11.265625,1.46875
483,1697625285,-0.8803711,-0.085998535,-0.6531372,14.078125,21.453125,2.171875
484,1697625325,-0.8183594,0.051696777,-0.31304932,-2.03125,15.671875,-11.46875
485,1697625365,-0.8754883,0.074401855,-0.32354736,17.5,-9.640625,-8.515625
486,1697625405,-0.90478516,0.042419434,-0.3892212,5.125,-1.328125,14.53125
487,1697625445,-0.8874512,0.08270264,-0.48321533,-1.640625,-2.8125,8.015625
488,1697625485,-0.8557129,-0.286438,-0.6096802,-26.140625,-35.40625,-0.296875
489,1697625525,-0.842041,-0.029846191,-0.61553955,-4.078125,-2.40625,-5.125
490,1697625565,-0.732666,-0.08868408,-0.63848877,17.578125,14.765625,3.40625
491,1697625605,-0.8400879,-0.06060791,-0.6555786,42.953125,39.21875,9.640625
492,1697625645,-0.9243164,-0.035705566,-0.41680908,10.15625,21.8125,6.171875
493,1697625685,-1.043457,0.109558105,-0.19415283,8.328125,-0.5625,0.34375
494,1697625725,-0.75390625,0.070251465,-0.43780518,-0.796875,-3.4375,-4.8125
495,1697625765,-0.8425293,0.02508545,-0.44683838,-26.40625,-21.625,3.5625
496,1697625805,-0.99853516,-0.07940674,-0.55010986,-21.140625,-19.453125,-13.6875
497,1697625845,-0.7932129,-0.10333252,-0.5142212,-23.046875,-12.046875,-4.234375
498,1697625885,-0.71191406,-0.13922119,-0.506897,-13.484375,-3.265625,12.421875
499,1697625925,-0.9243164,-0.004699707,-0.6021118,-34.09375,-29.296875,-0.171875
500,1697625965,-0.91796875,-0.017150879,-0.6069946,-21.28125,-5.046875,-8.53125
501,1697626005,-0.7597656,-0.14483643,-0.5540161,-2.890625,7.609375,0.015625
502,1697626045,-0.8510742,-0.12628174,-0.5877075,-8.25,-4.125,-2.125
503,1697626085,-0.8078613,-0.05279541,-0.63067627,0.484375,1.859375,-3.8125
504,1697626125,-0.73950195,-0.12579346,-0.5256958,2.40625,3.46875,4.671875
505,1697626165,-0.85717773,-0.12237549,-0.7490845,10.25,10.203125,-3.28125
506,1697626205,-0.93237305,-0.031799316,-0.5671997,82.796875,65.78125,3.0
507,1697626245,-0.6386719,-0.2456665,-0.5120239,27.875,41.71875,11.375
508,1697626285,-1.0512695,0.15496826,-0.09918213,-8.546875,-2.984375,-2.609375
509,1697626325,-0.84814453,0.14569092,-0.34649658,-8.375,-7.015625,-10.546875
510,1697626365,-0.91186523,0.07879639,-0.44781494,-13.578125,-0.0625,4.15625
511,1697626405,-0.93115234,-0.066467285,-0.42022705,19.9375,-8.5625,-1.0625
512,1697626445,-0.8449707,-0.19708252,-0.56988525,-10.390625,3.109375,4.0
513,1697626485,-0.8195801,-0.007385254,-0.55352783,3.578125,-1.296875,4.375
514,1697626525,-0.9667969,0.11639404,-0.5120239,34.328125,28.96875,-4.40625
515,1697626565,-0.7458496,-0.4036255,-0.7913208,7.640625,51.15625,9.53125
516,1697626605,-1.1987305,0.19647217,-0.11138916,4.1875,-0.109375,9.0
517,1697626645,-0.8498535,0.13372803,-0.3069458,-6.15625,-0.171875,-21.84375
518,1697626685,-0.7434082,0.055603027,-0.12677002,-5.625,-13.5,-5.34375
519,1697626725,-1.0349121,-0.10064697,-0.35211182,-26.765625,-11.5,14.71875
520,1697626765,-0.9934082,0.07952881,-0.44122314,1.40625,-9.734375,-12.71875
521,1697626805,-0.84472656,-0.09088135,-0.46661377,-22.40625,-23.953125,-1.765625
522,1697626845,-0.8815918,0.046325684,-0.52593994,-16.359375,-16.21875,8.546875
523,1697626885,-0.8544922,-0.057678223,-0.489563,-4.15625,-8.0,-0.796875
524,1697626925,-0.8852539,-0.10015869,-0.5281372,-17.984375,-12.390625,-0.421875
525,1697626965,-0.89697266,-0.0020141602,-0.5183716,-17.34375,-10.125,0.984375
526,1697627005,-0.84936523,-0.06402588,-0.55010986,15.578125,9.359375,-1.125
527,1697627045,-0.89331055,-0.120910645,-0.7647095,35.8125,31.140625,-2.0625
528,1697627085,-0.8898926,-0.26812744,-0.60650635,1.671875,49.8125,0.59375
529,1697627125,-0.86450195,0.10687256,-0.29766846,-20.453125,-10.71875,-18.984375
530,1697627165,-0.7841797,0.25701904,-0.07525635,0.5,-13.4375,-27.953125
531,1697627205,-0.78637695,0.10687256,-0.300354,-28.390625,-2.5,14.671875
532,1697627245,-0.95166016,-0.039367676,-0.42999268,17.25,-17.40625,15.046875
533,1697627285,-1.1152344,-0.13092041,-0.51763916,-5.25,-5.859375,-4.75
534,1697627325,-0.7680664,-0.0647583,-0.47979736,16.15625,13.125,10.75
535,1697627365,-0.8527832,0.031677246,-0.66900635,15.046875,-0.90625,2.734375
536,1697627405,-0.89746094,0.012145996,-0.41900635,0.921875,4.421875,-3.5625
537,1697627445,-0.85253906,-0.121398926,-0.5901489,-3.125,4.828125,-0.203125
538,1697627485,-0.9641113,-0.09869385,-0.6851196,-9.46875,8.390625,-2.484375
539,1697627525,-0.82592773,0.035095215,-0.26715088,-16.5625,-13.421875,-14.890625
540,1697627565,-0.8269043,0.070739746,-0.40118408,-35.109375,-10.0625,-16.390625
541,1697627605,-0.9025879,0.15106201,-0.26519775,8.640625,-6.984375,11.109375
542,1697627645,-0.9555664,0.012145996,-0.42193604,11.359375,4.765625,9.1875
543,1697627685,-0.92407227,-0.028137207,-0.5010376,11.6875,4.8125,-3.265625
544,1697627725,-0.86035156,-0.06549072,-0.5462036,5.796875,8.015625,10.421875
545,1697627765,-0.8666992,-6.1035156e-05,-0.5564575,6.984375,-3.5625,2.265625
546,1697627805,-0.85668945,-0.0647583,-0.5664673,1.390625,3.453125,-2.015625
547,1697627845,-0.8598633,-0.18804932,-0.7246704,-33.484375,-24.234375,-2.40625
548,1697627885,-0.9272461,0.070251465,-0.2859497,-20.078125,28.3125,-16.40625
549,1697627925,-0.8708496,-0.050842285,-0.5432739,-45.34375,-36.109375,-23.96875
550,1697627965,-0.84814453,0.24163818,-0.2300415,11.734375,11.15625,-7.40625
551,1697628005,-0.85498047,0.093688965,-0.35821533,11.65625,2.09375,22.921875
552,1697628045,-0.9838867,-0.086242676,-0.41851807,16.53125,6.765625,12.21875
553,1697628085,-0.89990234,-0.093811035,-0.5339966,10.125,6.25,2.140625
554,1697628125,-0.7727051,-0.10699463,-0.62164307,-3.65625,-20.59375,7.984375
555,1697628165,-0.83740234,0.061706543,-0.51446533,-12.171875,-12.9375,-1.859375
556,1697628205,-0.8286133,-0.13531494,-0.5261841,-18.53125,-6.984375,8.9375
557,1697628245,-0.90771484,-0.1897583,-0.6729126,-39.953125,-30.53125,3.109375
558,1697628285,-0.8540039,-0.0154418945,-0.47808838,4.828125,7.109375,-6.34375
559,1697628325,-0.77563477,-0.1326294,-0.5474243,-1.578125,-0.96875,0.90625
560,1697628365,-0.8562012,-0.06793213,-0.61602783,-27.703125,-6.78125,2.671875
561,1697628405,-0.7585449,-0.12799072,-0.6050415,4.796875,-0.78125,1.515625
562,1697628445,-0.79467773,-0.17364502,-0.7268677,0.953125,3.890625,-0.515625
563,1697628485,-0.967041,-0.1116333,-0.7197876,85.171875,69.671875,-3.984375
564,1697628525,-0.5852051,-0.25933838,-0.36480713,30.6875,19.15625,-9.078125
565,1697628565,-1.0627441,0.21380615,-0.44805908,-42.875,5.0,-21.578125
566,1697628605,-0.84033203,0.24383545,-0.2630005,18.015625,-8.765625,-11.140625
567,1697628645,-0.7824707,0.016784668,-0.40411377,3.078125,7.65625,30.953125
568,1697628685,-1.0888672,-0.039367676,-0.5100708,14.359375,-14.453125,-0.625
569,1697628725,-0.89453125,-0.22955322,-0.57159424,13.65625,20.9375,-0.40625
570,1697628765,-0.79541016,-0.025939941,-0.6572876,15.078125,6.40625,6.078125
571,1697628805,-0.8630371,0.06463623,-0.41607666,8.6875,12.703125,-2.453125
572,1697628845,-0.8684082,-0.026184082,-0.5706177,-7.75,-23.171875,-2.28125
573,1697628885,-0.97265625,0.028259277,-0.3008423,11.625,8.265625,10.6875
574,1697628925,-0.86694336,0.026550293,-0.4668579,-16.71875,-9.609375,-12.015625
575,1697628965,-0.85009766,0.12884521,-0.38726807,-1.390625,1.140625,-5.15625
576,1697629005,-0.8984375,0.026062012,-0.3772583,3.890625,5.296875,12.984375
577,1697629045,-0.8952637,-0.120910645,-0.6091919,-4.421875,-15.6875,2.65625
578,1697629085,-0.90625,-0.0020141602,-0.56500244,-8.71875,-16.359375,0.0
579,1697629125,-0.7841797,-0.07183838,-0.44024658,-3.375,-1.453125,7.5
580,1697629165,-0.8161621,-0.09625244,-0.7588501,-26.921875,-26.0,1.203125
581,1697629205,-0.8989258,-0.02130127,-0.5117798,0.984375,8.96875,2.21875
582,1697629245,-0.8527832,-0.074035645,-0.4656372,2.109375,-3.703125,0.234375
583,1697629285,-0.82836914,-0.06768799,-0.64434814,-19.609375,-7.125,0.578125
584,1697629325,-0.8010254,0.035583496,-0.61431885,2.84375,1.234375,2.5
585,1697629365,-0.8371582,-0.18365479,-0.90631104,39.171875,51.671875,-4.046875
586,1697629405,-0.68530273,-0.11846924,-0.3201294,26.1875,38.40625,2.5
587,1697629445,-1.0070801,0.08343506,-0.49127197,-55.765625,-41.53125,-24.859375
588,1697629485,-0.85668945,0.15374756,-0.36798096,-8.40625,-1.0,-13.875
589,1697629525,-0.82421875,0.04437256,-0.29888916,2.5,-0.09375,20.109375
590,1697629565,-0.9465332,-0.04840088,-0.46270752,0.90625,-10.53125,0.859375
591,1697629605,-0.8757324,-0.023742676,-0.47564697,2.296875,3.140625,-2.5
592,1697629645,-0.74438477,-0.10699463,-0.6560669,7.515625,-11.296875,14.15625
593,1697629685,-0.9099121,0.06365967,-0.5606079,0.3125,-5.984375,3.359375
594,1697629725,-0.82299805,-0.10406494,-0.51397705,6.8125,10.625,9.234375
595,1697629765,-0.810791,-0.15655518,-0.62457275,0.71875,-13.1875,4.5625
596,1697629805,-0.89746094,0.0602417,-0.65338135,20.296875,23.484375,-0.375
597,1697629845,-0.8742676,-0.08477783,-0.6213989,38.078125,48.71875,8.625
598,1697629885,-0.8220215,-0.101135254,-0.3953247,-6.90625,3.1875,-4.96875
599,1697629925,-0.8515625,0.1281128,-0.46051025,-19.84375,-2.578125,-17.421875
600,1697629965,-0.92333984,0.055603027,-0.2871704,-8.375,-9.875,5.359375
601,1697630005,-0.87939453,0.042175293,-0.3255005,-10.453125,-2.71875,4.125
602,1697630045,-0.94091797,0.028747559,-0.46051025,-13.9375,0.5625,3.453125
603,1697630085,-0.83984375,-0.1428833,-0.6812134,-13.8125,-31.96875,6.640625
604,1697630125,-0.7849121,-0.06915283,-0.5454712,-14.375,-11.96875,3.796875
605,1697630165,-0.7648926,-0.16265869,-0.65802,-3.921875,-14.515625,1.234375
606,1697630205,-0.89746094,-0.06085205,-0.55352783,-8.875,9.21875,-0.015625
607,1697630245,-0.87939453,-0.06890869,-0.64434814,14.71875,17.125,-5.5
608,1697630285,-0.9001465,-0.028625488,-0.56256104,41.15625,50.34375,1.328125
609,1697630325,-0.63549805,-0.22149658,-0.6416626,59.546875,67.015625,4.703125
610,1697630365,-0.9934082,0.105651855,-0.2000122,-13.21875,-13.609375,11.953125
611,1697630405,-0.9250488,0.13250732,-0.08892822,6.390625,-1.84375,-18.53125
612,1697630445,-0.79956055,0.018005371,-0.41436768,-28.015625,-12.96875,-1.9375
613,1697630485,-0.97265625,0.036315918,-0.4439087,6.078125,0.46875,5.65625
614,1697630525,-1.0366211,-0.0803833,-0.44317627,0.421875,-0.15625,1.78125
615,1697630565,-0.76049805,-0.15802002,-0.6008911,12.015625,1.5,-1.640625
616,1697630605,-0.89990234,-0.0029907227,-0.47613525,38.046875,56.328125,-0.125
617,1697630645,-1.0541992,0.0067749023,-0.5581665,-10.265625,-13.59375,18.296875
618,1697630685,-0.95825195,0.18865967,-0.22027588,17.890625,16.078125,-7.21875
619,1697630725,-0.8029785,0.026550293,-0.18389893,-5.4375,-14.1875,-17.5625
620,1697630765,-0.9382324,0.014831543,-0.32183838,-11.421875,-1.28125,2.875
621,1697630805,-1.005127,-0.014709473,-0.3291626,-4.015625,-4.625,15.953125
622,1697630845,-0.9580078,-0.054260254,-0.5564575,-9.578125,-28.515625,7.34375
623,1697630885,-0.9008789,0.06512451,-0.50323486,-17.03125,-20.578125,0.328125
624,1697630925,-0.76293945,-0.11260986,-0.58477783,-16.953125,-13.890625,5.328125
625,1697630965,-0.92285156,-0.11895752,-0.4368286,-19.765625,-9.8125,-0.53125
626,1697631005,-0.9694824,-0.059387207,-0.50128174,-10.265625,-2.25,-4.28125
627,1697631045,-0.7897949,-0.06524658,-0.6096802,-20.625,-7.640625,-2.359375
628,1697631085,-0.8405762,-0.023254395,-0.49835205,-6.953125,-2.65625,-1.203125
629,1697631125,-0.93530273,-0.09527588,-0.58917236,24.203125,29.125,-1.421875
630,1697631165,-0.8737793,-0.10723877,-0.5203247,50.015625,35.90625,6.90625
631,1697631205,-0.8039551,-0.144104,-0.56256104,-3.140625,19.015625,0.171875
632,1697631245,-0.9328613,0.18743896,-0.1651001,-2.34375,-5.21875,-19.765625
633,1697631285,-0.8581543,0.024108887,-0.32110596,-19.078125,-13.28125,-27.46875
634,1697631325,-0.9082031,0.10882568,-0.2883911,-24.03125,-11.671875,18.53125
635,1697631365,-0.9926758,0.016052246,-0.32208252,-2.96875,-18.6875,0.5
636,1697631405,-0.9399414,-0.18414307,-0.5576782,-29.828125,-35.4375,0.15625
637,1697631445,-0.76464844,-0.085998535,-0.659729,-23.734375,-28.59375,10.453125
638,1697631485,-0.79467773,-0.008117676,-0.5664673,-0.09375,-10.46875,2.46875
639,1697631525,-0.8618164,-0.21905518,-0.61138916,-10.46875,-5.703125,3.5625
640,1697631565,-0.8562012,-0.14337158,-0.5606079,-14.90625,1.9375,-2.78125
641,1697631605,-0.78027344,-0.074523926,-0.5615845,-7.578125,2.484375,0.40625
642,1697631645,-0.7919922,-0.082336426,-0.6560669,-12.25,-3.59375,1.84375
643,1697631685,-0.8034668,-0.11993408,-0.5774536,1.78125,1.984375,0.453125
644,1697631725,-0.8310547,-0.17584229,-0.7463989,14.890625,24.296875,-0.703125
645,1697631765,-0.89697266,-0.17803955,-0.47052002,66.09375,65.765625,-0.015625
646,1697631805,-0.7492676,-0.15777588,-0.43292236,-25.40625,-27.3125,-12.75
647,1697631845,-0.82714844,0.15716553,-0.39239502,-14.8125,11.90625,-23.796875
648,1697631885,-0.87719727,-0.039855957,-0.3760376,5.203125,-5.0,2.359375
649,1697631925,-0.8774414,0.0026245117,-0.45196533,-9.890625,-4.15625,11.203125
650,1697631965,-1.0148926,-0.024719238,-0.66485596,5.28125,-11.75,-3.25
651,1697632005,-0.7121582,-0.26202393,-0.62506104,22.0625,26.734375,0.78125
652,1697632045,-0.87109375,-0.13580322,-0.55181885,17.421875,9.90625,2.0625
653,1697632085,-0.9172363,0.058532715,-0.42999268,-18.53125,5.28125,-10.9375
654,1697632125,-0.9147949,0.097839355,-0.33648682,-29.328125,-14.046875,-9.78125
655,1697632165,-0.7976074,-0.03326416,-0.3772583,-31.296875,-13.390625,6.203125
656,1697632205,-0.8845215,-0.026672363,-0.55352783,-29.359375,-32.9375,5.296875
657,1697632245,-0.8496094,-0.1921997,-0.6055298,11.28125,0.078125,1.71875
658,1697632285,-0.81518555,-0.1795044,-0.6638794,21.859375,19.640625,13.265625
659,1697632325,-0.9194336,-0.034729004,-0.581604,23.84375,11.609375,-6.875
660,1697632365,-0.7702637,-0.13311768,-0.55596924,8.53125,9.59375,-11.703125
661,1697632405,-0.79541016,0.044128418,-0.4541626,-12.828125,3.125,2.046875
662,1697632445,-0.97924805,0.0016479492,-0.2949829,4.0625,-8.8125,-2.921875
663,1697632485,-0.83447266,-0.0076293945,-0.51812744,-18.4375,-7.671875,1.546875
664,1697632525,-0.8713379,0.026062012,-0.5112915,-3.265625,-10.734375,-0.609375
665,1697632565,-0.8210449,-0.16021729,-0.4973755,-10.546875,-20.484375,-0.25
666,1697632605,-0.7949219,-0.19195557,-0.6343384,-32.671875,-14.484375,9.390625
667,1697632645,-0.78344727,-0.07574463,-0.5923462,-11.125,-12.0,2.0
668,1697632685,-0.7976074,-0.16900635,-0.6087036,-15.375,-9.640625,1.046875
669,1697632725,-0.84375,-0.11383057,-0.6692505,-17.46875,-4.09375,0.859375
670,1697632765,-0.7624512,-0.14849854,-0.6079712,5.28125,4.125,-4.25
671,1697632805,-0.77319336,-0.12896729,-0.6655884,2.140625,8.5,-2.578125
672,1697632845,-0.8027344,-0.13482666,-0.64385986,33.953125,47.46875,-1.109375
673,1697632885,-0.72631836,-0.18658447,-0.49761963,45.71875,14.890625,-1.78125
674,1697632925,-0.9482422,0.0018920898,-0.616272,26.3125,22.796875,-2.953125
675,1697632965,-0.86279297,0.0033569336,-0.53375244,18.40625,-1.1875,6.8125
676,1697633005,-0.782959,-0.015197754,-0.37530518,-4.25,3.875,-5.859375
677,1697633045,-0.9523926,-0.006652832,-0.30377197,0.578125,-6.734375,0.90625
678,1697633085,-0.9316406,0.046813965,-0.4397583,-11.109375,3.515625,-5.109375
679,1697633125,-0.8125,0.09588623,-0.50909424,-0.3125,-2.390625,-1.515625
680,1697633165,-0.8093262,-0.078186035,-0.51690674,4.5,-4.5625,14.609375
681,1697633205,-0.8105469,-0.28448486,-0.7034302,-38.234375,-30.171875,15.46875
682,1697633245,-0.8469238,-0.10089111,-0.5881958,-11.578125,-15.328125,-4.15625
683,1697633285,-0.8234863,-0.08428955,-0.5462036,0.796875,5.890625,-0.078125
684,1697633325,-0.81274414,-0.13189697,-0.6729126,-16.109375,4.5625,3.953125
685,1697633365,-0.8388672,-0.03692627,-0.55426025,-4.5625,2.078125,-0.8125
686,1697633405,-0.7963867,-0.120666504,-0.4993286,9.765625,9.109375,1.5
687,1697633445,-0.84277344,-0.13287354,-0.6213989,-9.859375,-4.78125,2.03125
688,1697633485,-0.8249512,-0.07476807,-0.55596924,3.78125,4.65625,0.15625
689,1697633525,-0.80810547,-0.11016846,-0.5293579,5.546875,4.984375,2.390625
690,1697633565,-0.8366699,-0.12237549,-0.5774536,-1.921875,1.015625,0.125
691,1697633605,-0.8251953,-0.10333252,-0.5388794,4.46875,6.671875,0.03125
692,1697633645,-0.8166504,-0.12774658,-0.58599854,0.625,1.0,0.234375
693,1697633685,-0.86621094,-0.10089111,-0.71466064,22.625,17.03125,-4.9375
694,1697633725,-0.8171387,-0.17120361,-0.5586548,65.421875,62.5625,0.375
695,1697633765,-0.76416016,-0.08355713,-0.23150635,1.9375,1.40625,-13.6875
696,1697633805,-0.93530273,0.23138428,-0.2859497,-13.640625,-20.796875,-21.203125
697,1697633845,-0.8354492,0.105163574,-0.33111572,-5.953125,9.890625,13.15625
698,1697633885,-0.92456055,0.059753418,-0.41583252,0.34375,1.65625,9.28125
699,1697633925,-0.9958496,-0.12994385,-0.58966064,10.6875,-15.484375,-9.1875
700,1697633965,-0.82177734,-0.1663208,-0.63775635,0.1875,15.953125,14.40625
701,1697634005,-0.74194336,-0.070129395,-0.61505127,16.859375,3.21875,0.765625
702,1697634045,-0.9807129,-0.054992676,-0.5679321,13.875,23.78125,-5.234375
703,1697634085,-0.91796875,0.12200928,-0.39483643,-13.328125,-19.53125,-9.984375
704,1697634125,-0.83618164,0.09881592,-0.24810791,10.328125,0.03125,-6.21875
705,1697634165,-0.9128418,0.11175537,-0.19244385,10.453125,6.015625,20.421875
706,1697634205,-0.94970703,0.008728027,-0.47149658,-4.703125,-3.609375,-3.6875
707,1697634245,-0.94189453,0.0524292,-0.43780518,-2.546875,-2.609375,-1.65625
708,1697634285,-0.8088379,-0.15142822,-0.5425415,-23.09375,-15.84375,12.859375
709,1697634325,-0.76708984,-0.078186035,-0.5166626,-25.046875,-21.765625,5.609375
710,1697634365,-0.87402344,-0.06695557,-0.57525635,-18.296875,-10.40625,-0.453125
711,1697634405,-0.93359375,-0.066223145,-0.6704712,-3.453125,0.6875,-4.921875
712,1697634445,-0.8886719,0.035583496,-0.46392822,18.640625,40.53125,-1.796875
713,1697634485,-0.82006836,-0.07281494,-0.3538208,26.984375,22.59375,4.828125
714,1697634525,-0.9123535,-0.09161377,-0.50567627,1.765625,7.265625,7.796875
715,1697634565,-0.9082031,-0.012268066,-0.5081177,4.140625,1.984375,1.40625
716,1697634605,-0.8774414,-0.05206299,-0.5088501,2.34375,-0.65625,0.90625
717,1697634645,-0.86987305,-0.061340332,-0.49493408,3.375,4.59375,-0.921875
718,1697634685,-0.87939453,-0.057678223,-0.45367432,-2.21875,4.140625,-1.5
719,1697634725,-0.88256836,-0.039855957,-0.4553833,-2.34375,1.84375,-1.71875
720,1697634765,-0.8964844,-0.022033691,-0.458313,-4.828125,0.984375,-1.5
721,1697634805,-0.8911133,-0.020080566,-0.47125244,-6.796875,-1.5,0.9375
722,1697634845,-0.88793945,-0.05987549,-0.66363525,-4.0,-5.03125,0.5625
723,1697634885,-0.96240234,-0.0960083,-0.5303345,43.96875,51.09375,-1.625
724,1697634925,-0.6477051,-0.12530518,-0.44659424,1.3125,-16.3125,1.578125
725,1697634965,-0.876709,0.026794434,-0.15679932,-34.78125,-3.546875,-40.6875
726,1697635005,-1.1374512,0.36346436,-0.1729126,-11.921875,-22.671875,-2.0
727,1697635045,-0.8869629,0.101501465,-0.4644165,6.234375,20.203125,12.546875
728,1697635085,-0.91503906,0.019714355,-0.34161377,15.546875,-24.046875,1.703125
729,1697635125,-0.8937988,-0.14654541,-0.64312744,-5.34375,-7.046875,5.265625
730,1697635165,-0.84643555,-0.12432861,-0.520813,11.953125,7.78125,17.71875
731,1697635205,-0.91967773,-0.027160645,-0.48345947,11.265625,-2.984375,-6.125
732,1697635245,-0.8901367,0.030944824,-0.52545166,-7.609375,-0.53125,1.59375
733,1697635285,-0.8093262,-0.06036377,-0.47979736,-7.71875,-2.046875,1.484375
734,1697635325,-0.9099121,-0.09649658,-0.7542114,1.453125,14.09375,-0.984375
735,1697635365,-0.9477539,0.018737793,-0.4241333,35.84375,28.4375,-5.6875
736,1697635405,-0.80810547,-0.09625244,-0.44781494,-25.328125,-0.53125,-15.515625
737,1697635445,-1.1157227,0.18231201,-0.4204712,-22.984375,-0.71875,-12.640625
738,1697635485,-0.8156738,0.22064209,-0.093811035,-0.875,-7.65625,-13.5
739,1697635525,-0.8005371,-0.05206299,-0.3904419,-8.3125,-1.703125,20.8125
740,1697635565,-1.0466309,0.14251709,-0.29718018,-4.90625,-11.3125,-0.765625
741,1697635605,-0.84765625,-0.0064086914,-0.5376587,3.046875,-10.25,-0.640625
742,1697635645,-0.859375,-0.12945557,-0.6585083,-4.234375,-6.140625,13.0625
743,1697635685,-0.86499023,-0.031555176,-0.3369751,9.78125,7.78125,8.8125
744,1697635725,-0.8688965,-0.039611816,-0.78692627,-10.140625,-14.421875,-3.703125
745,1697635765,-0.9597168,0.03387451,-0.4837036,21.828125,32.703125,1.046875
746,1697635805,-0.7192383,-0.21612549,-0.65216064,-2.609375,-2.65625,0.65625
747,1697635845,-1.1027832,0.21136475,-0.3731079,-27.140625,4.90625,-17.6875
748,1697635885,-0.8378906,0.09466553,-0.18682861,-9.859375,-2.625,-12.765625
749,1697635925,-0.89501953,-0.022521973,-0.5005493,-9.671875,-6.859375,-1.953125
750,1697635965,-0.86450195,0.137146,-0.20196533,8.96875,9.84375,-0.046875
751,1697636005,-0.92871094,0.049743652,-0.3303833,5.484375,11.53125,7.9375
752,1697636045,-1.0061035,-0.10406494,-0.642395,-9.578125,-23.734375,13.140625
753,1697636085,-0.9243164,0.08001709,-0.2925415,32.40625,24.421875,3.984375
754,1697636125,-0.63623047,-0.25787354,-0.70098877,-20.171875,-42.71875,6.65625
755,1697636165,-1.0319824,0.25604248,-0.55059814,-25.28125,-4.28125,0.40625
756,1697636205,-0.86816406,-0.18048096,-0.39508057,19.78125,17.4375,1.109375
757,1697636245,-0.8679199,-0.21124268,-0.67315674,-28.328125,-22.90625,0.84375
758,1697636285,-0.8901367,0.18817139,-0.5545044,8.796875,18.046875,-2.75
759,1697636325,-0.81689453,-0.13775635,-0.65582275,37.59375,43.140625,-1.40625
