,timestamp,accel_x,accel_y,accel_z,gyro_x,gyro_y,gyro_z,ind
0,1695639755945,0.3581543,-0.3694458,0.87957764,-0.453125,3.03125,-0.1875,0
1,1695639755985,0.36621094,-0.38482666,0.89056396,0.15625,2.65625,-1.03125,1
2,1695639756025,0.37182617,-0.36798096,0.89105225,-1.09375,2.546875,-1.359375,2
3,1695639756065,0.35766602,-0.36480713,0.89227295,-0.640625,3.640625,0.34375,3
4,1695639756105,0.3544922,-0.37139893,0.93426514,4.703125,2.328125,1.578125,4
5,1695639756145,0.35546875,-0.43829346,0.89886475,0.6875,1.671875,3.34375,5
6,1695639756185,0.35253906,-0.41558838,0.90301514,2.796875,-0.125,2.78125,6
7,1695639756225,0.3552246,-0.35968018,0.883728,2.296875,-1.59375,-1.421875,7
8,1695639756265,0.4038086,-0.38848877,0.8915405,8.59375,-1.6875,-5.3125,8
9,1695639756305,0.42773438,-0.4126587,0.90301514,4.5,-3.21875,-6.59375,9
10,1695639756345,0.4230957,-0.50738525,0.89593506,-0.4375,-3.390625,0.25,10
11,1695639756385,0.34375,-0.4993286,0.88616943,-16.703125,-0.1875,6.828125,11
12,1695639756425,0.2915039,-0.40460205,0.8571167,-35.828125,1.78125,10.109375,12
13,1695639756465,0.24902344,-0.20220947,0.8397827,-28.03125,-1.78125,5.328125,13
14,1695639756505,0.23095703,-0.1519165,0.9291382,-4.09375,-1.0625,-0.421875,14
15,1695639756545,0.31323242,-0.21832275,0.9232788,-2.5,2.859375,-1.515625,15
16,1695639756585,0.38330078,-0.2649536,0.91986084,-11.171875,5.875,2.21875,16
17,1695639756625,0.38085938,-0.269104,0.930603,-11.3125,5.1875,2.015625,17
18,1695639756665,0.3955078,-0.2962036,0.914978,-10.34375,3.796875,-0.8125,18
19,1695639756705,0.39990234,-0.2630005,0.9384155,-8.921875,1.859375,-0.390625,19
20,1695639756745,0.3786621,-0.20831299,0.9672241,-10.625,3.625,1.640625,20
21,1695639756785,0.35595703,-0.16583252,0.9423218,-10.421875,1.921875,1.46875,21
22,1695639756825,0.34326172,-0.14630127,0.9203491,-6.09375,-0.46875,-0.3125,22
23,1695639756865,0.35961914,-0.1795044,0.9237671,7.0625,-1.515625,-0.25,23
24,1695639756905,0.39916992,-0.23614502,0.9603882,29.359375,-1.78125,-0.59375,24
25,1695639756945,0.3894043,-0.26275635,0.90252686,24.015625,3.03125,2.078125,25
26,1695639756985,0.34716797,-0.28155518,0.8969116,12.40625,6.453125,4.390625,26
27,1695639757025,0.36328125,-0.28375244,0.9328003,6.359375,6.078125,4.171875,27
28,1695639757065,0.37402344,-0.29473877,0.9371948,10.3125,-1.859375,0.5,28
29,1695639757105,0.35107422,-0.32891846,0.9320679,12.078125,-3.609375,-1.171875,29
30,1695639757145,0.3737793,-0.300354,0.89715576,5.234375,-1.390625,-2.34375,30
31,1695639757185,0.38452148,-0.2744751,0.9069214,3.421875,1.65625,-1.53125,31
32,1695639757225,0.39453125,-0.30743408,0.90618896,3.09375,5.28125,-0.109375,32
33,1695639757265,0.39526367,-0.3579712,0.90740967,3.140625,4.296875,1.359375,33
34,1695639757305,0.39111328,-0.33892822,0.9118042,-0.171875,2.734375,1.171875,34
35,1695639757345,0.4038086,-0.31524658,0.92303467,-0.890625,1.34375,-0.390625,35
36,1695639757385,0.37548828,-0.3201294,0.9262085,0.46875,0.28125,-2.65625,36
37,1695639757425,0.3474121,-0.3435669,0.90960693,0.640625,0.375,-3.359375,37
38,1695639757465,0.3330078,-0.35333252,0.9076538,-1.0,1.03125,-3.125,38
39,1695639757505,0.3330078,-0.33599854,0.91326904,-2.4375,2.953125,-2.25,39
40,1695639757545,0.35302734,-0.32086182,0.90838623,-1.953125,2.6875,-2.453125,40
41,1695639757585,0.36132812,-0.3110962,0.9164429,0.109375,1.234375,-2.640625,41
42,1695639757625,0.35327148,-0.33111572,0.90960693,0.046875,1.453125,-1.375,42
43,1695639757665,0.36645508,-0.31866455,0.9332886,1.875,3.3125,0.25,43
44,1695639757705,0.38183594,-0.3567505,0.9567261,4.734375,5.296875,1.1875,44
45,1695639757745,0.3857422,-0.37750244,0.9682007,4.9375,4.390625,3.640625,45
46,1695639757785,0.35351562,-0.36065674,0.8930054,-0.4375,2.53125,2.875,46
47,1695639757825,0.3371582,-0.2937622,0.8744507,-2.171875,2.78125,-0.140625,47
48,1695639757865,0.36938477,-0.28155518,0.89715576,2.109375,2.6875,-1.6875,48
49,1695639757905,0.40454102,-0.31622314,0.9059448,2.890625,0.578125,-0.734375,49
50,1695639757945,0.38964844,-0.36505127,0.9008179,0.515625,0.0625,0.90625,50
51,1695639757985,0.36108398,-0.36553955,0.8851929,-5.890625,1.75,1.3125,51
52,1695639758025,0.3684082,-0.35211182,0.8878784,-10.1875,2.796875,0.421875,52
53,1695639758065,0.37841797,-0.2925415,0.90789795,-11.265625,2.46875,-1.21875,53
54,1695639758105,0.39501953,-0.27471924,0.9208374,-9.8125,0.90625,-1.5625,54
55,1695639758145,0.39257812,-0.26275635,0.92596436,-10.96875,1.890625,-1.34375,55
56,1695639758185,0.3786621,-0.25274658,0.92230225,-14.390625,1.15625,0.1875,56
57,1695639758225,0.36547852,-0.24005127,0.9179077,-15.90625,0.265625,-0.5,57
58,1695639758265,0.39233398,-0.21221924,0.94158936,-15.65625,-0.265625,-1.640625,58
59,1695639758305,0.39892578,-0.20709229,0.9628296,-16.8125,-1.046875,-1.703125,59
60,1695639758345,0.38500977,-0.190979,0.94329834,-17.359375,-2.265625,-0.34375,60
61,1695639758385,0.35546875,-0.1506958,0.9450073,-14.9375,-2.9375,0.21875,61
62,1695639758425,0.35229492,-0.14727783,0.9501343,-7.171875,-3.078125,0.40625,62
63,1695639758465,0.36547852,-0.128479,0.91522217,9.328125,-1.015625,-0.6875,63
64,1695639758505,0.3618164,-0.15826416,0.9164429,32.59375,1.40625,-2.09375,64
65,1695639758545,0.35083008,-0.1765747,0.86395264,43.265625,1.6875,-0.609375,65
66,1695639758585,0.36621094,-0.2925415,0.9359741,39.140625,2.015625,3.9375,66
67,1695639758625,0.37036133,-0.39141846,0.9586792,24.328125,1.90625,6.1875,67
68,1695639758665,0.35668945,-0.38970947,0.9435425,9.375,0.734375,3.21875,68
69,1695639758705,0.35888672,-0.35723877,0.91204834,3.0625,-1.015625,-1.890625,69
70,1695639758745,0.34277344,-0.3213501,0.9022827,0.21875,-0.78125,-3.671875,70
71,1695639758785,0.35131836,-0.30377197,0.8981323,-0.171875,0.75,-2.046875,71
72,1695639758825,0.3630371,-0.3213501,0.9064331,-2.65625,3.328125,-0.703125,72
73,1695639758865,0.35864258,-0.35186768,0.920105,-4.921875,3.921875,-0.71875,73
74,1695639758905,0.40820312,-0.3562622,0.93084717,-13.484375,4.171875,-3.296875,74
75,1695639758945,0.40820312,-0.29278564,0.90740967,-14.421875,9.109375,1.265625,75
76,1695639758985,0.2956543,-0.28570557,0.92108154,-3.515625,4.171875,3.5,76
77,1695639759025,0.2956543,-0.28253174,0.87908936,3.453125,2.1875,0.765625,77
78,1695639759065,0.35620117,-0.29718018,0.8973999,9.40625,1.890625,-0.28125,78
79,1695639759105,0.39916992,-0.34454346,0.920105,8.296875,3.703125,0.484375,79
80,1695639759145,0.41064453,-0.40997314,0.94647217,7.234375,4.078125,0.921875,80
81,1695639759185,0.40527344,-0.40777588,0.9762573,6.296875,2.234375,0.828125,81
82,1695639759225,0.3659668,-0.3711548,0.8707886,-3.8125,2.21875,-1.015625,82
83,1695639759265,0.38452148,-0.27960205,0.86761475,-3.390625,1.296875,-4.96875,83
84,1695639759305,0.4025879,-0.2876587,0.89276123,3.578125,0.25,-4.296875,84
85,1695639759345,0.3840332,-0.31573486,0.8932495,4.171875,0.765625,0.109375,85
86,1695639759385,0.38354492,-0.34039307,0.8966675,-0.953125,3.5,0.921875,86
87,1695639759425,0.37719727,-0.3340454,0.8822632,-5.765625,2.6875,-1.953125,87
88,1695639759465,0.37402344,-0.3201294,0.8966675,-6.203125,0.90625,-2.578125,88
89,1695639759505,0.36450195,-0.30841064,0.9122925,-8.25,0.375,-1.15625,89
90,1695639759545,0.375,-0.30889893,0.93304443,-9.8125,1.1875,-0.390625,90
91,1695639759585,0.37817383,-0.2871704,0.8954468,-14.0,1.953125,-0.078125,91
92,1695639759625,0.39257812,-0.27789307,0.9081421,-18.09375,2.265625,0.125,92
93,1695639759665,0.37475586,-0.25689697,0.9215698,-20.875,-0.03125,0.828125,93
94,1695639759705,0.36791992,-0.21636963,0.93792725,-24.84375,0.109375,0.109375,94
95,1695639759745,0.37109375,-0.16534424,0.92840576,-12.640625,-1.140625,-0.859375,95
96,1695639759785,0.36645508,-0.16851807,0.9213257,2.40625,1.046875,-0.984375,96
97,1695639759825,0.36938477,-0.17901611,0.920105,23.59375,0.8125,-2.28125,97
98,1695639759865,0.3930664,-0.22271729,0.9008179,32.125,1.921875,-2.421875,98
99,1695639759905,0.40454102,-0.30230713,0.90374756,28.859375,1.875,0.515625,99
100,1695639759945,0.4008789,-0.34405518,0.9203491,13.953125,1.53125,4.046875,100
101,1695639759985,0.37719727,-0.34942627,0.92962646,9.328125,0.296875,2.96875,101
102,1695639760025,0.36206055,-0.33648682,0.92352295,6.75,-0.671875,-1.484375,102
103,1695639760065,0.36645508,-0.32598877,0.9093628,5.859375,0.359375,-3.21875,103
104,1695639760105,0.37524414,-0.31793213,0.9242554,5.75,1.25,-2.578125,104
105,1695639760145,0.38476562,-0.3237915,0.88690186,2.34375,2.875,-0.1875,105
106,1695639760185,0.38183594,-0.3279419,0.89349365,1.40625,4.0625,1.578125,106
107,1695639760225,0.36499023,-0.35479736,0.88397217,1.765625,2.953125,1.296875,107
108,1695639760265,0.3647461,-0.36749268,0.8944702,2.25,1.859375,-0.0625,108
109,1695639760305,0.36621094,-0.3735962,0.8937378,1.78125,0.8125,-0.796875,109
110,1695639760345,0.36889648,-0.36724854,0.902771,1.78125,1.125,-0.59375,110
111,1695639760385,0.37573242,-0.3809204,0.94403076,5.03125,3.859375,0.171875,111
112,1695639760425,0.39916992,-0.41436768,0.9122925,2.28125,5.78125,0.25,112
113,1695639760465,0.40063477,-0.38702393,0.88323975,-3.78125,1.359375,-2.390625,113
114,1695639760505,0.36401367,-0.31671143,0.8776245,-4.546875,0.3125,-3.78125,114
115,1695639760545,0.35302734,-0.3196411,0.8890991,-1.84375,0.59375,-3.359375,115
116,1695639760585,0.35083008,-0.3340454,0.8932495,-1.921875,0.9375,-1.65625,116
117,1695639760625,0.3581543,-0.3447876,0.89715576,-1.5625,3.109375,-0.59375,117
118,1695639760665,0.3737793,-0.3460083,0.89178467,-0.359375,2.4375,-0.765625,118
119,1695639760705,0.359375,-0.331604,0.8829956,0.265625,2.28125,0.015625,119
120,1695639760745,0.36010742,-0.32989502,0.86102295,1.34375,2.21875,-0.28125,120
121,1695639760785,0.39282227,-0.36676025,0.90667725,1.421875,3.375,-1.734375,121
122,1695639760825,0.38110352,-0.34039307,0.9057007,-3.046875,2.796875,-4.28125,122
123,1695639760865,0.3779297,-0.34918213,0.9008179,-1.0625,0.84375,-5.3125,123
124,1695639760905,0.37231445,-0.3789673,0.8727417,-1.28125,1.0,-2.734375,124
125,1695639760945,0.39819336,-0.37213135,0.8685913,-3.8125,1.8125,-1.234375,125
126,1695639760985,0.39331055,-0.34454346,0.86712646,1.90625,0.859375,0.140625,126
127,1695639761025,0.38549805,-0.32330322,0.8654175,14.125,-0.34375,-1.078125,127
128,1695639761065,0.3984375,-0.32208252,0.87127686,17.140625,1.796875,-1.3125,128
129,1695639761105,0.45092773,-0.42315674,0.9320679,12.671875,3.0625,-0.15625,129
151,1695639761145,0.42382812,-0.25494385,0.9110718,-10.609375,13.625,-0.421875,151
152,1695639761185,0.43603516,-0.10699463,0.7699585,-8.765625,8.25,-6.40625,152
153,1695639761225,0.48657227,-0.20806885,0.91815186,-9.21875,-2.59375,-5.65625,153
154,1695639761265,0.3840332,-0.22149658,0.92059326,-5.46875,-2.625,-1.15625,154
155,1695639761305,0.35131836,-0.19781494,0.8842163,-14.78125,2.5,-4.5,155
156,1695639761345,0.39892578,-0.19000244,0.9594116,-16.640625,8.453125,-8.140625,156
157,1695639761385,0.42651367,-0.14361572,0.92596436,-3.328125,7.515625,-12.140625,157
158,1695639761425,0.45654297,-0.15289307,0.91204834,-3.15625,6.140625,-7.21875,158
159,1695639761465,0.46313477,-0.12652588,0.8912964,-0.875,4.671875,-1.734375,159
160,1695639761505,0.44018555,-0.18048096,0.85687256,9.84375,2.65625,-2.0,160
161,1695639761545,0.43041992,-0.22857666,0.85272217,17.0,3.375,-2.46875,161
162,1695639761585,0.47924805,-0.33477783,0.9035034,16.921875,1.5625,-4.6875,162
163,1695639761625,0.40820312,-0.3184204,0.93743896,14.921875,5.828125,-2.8125,163
164,1695639761665,0.501709,-0.27960205,0.9904175,-10.0625,-2.296875,0.125,164
165,1695639761705,0.46777344,-0.2637329,0.918396,-11.453125,3.0,0.328125,165
166,1695639761745,0.36791992,-0.22491455,0.885437,-3.390625,-2.484375,2.421875,166
167,1695639761785,0.38354492,-0.20391846,0.88079834,0.359375,1.703125,1.90625,167
168,1695639761825,0.42578125,-0.23297119,0.885437,5.40625,3.796875,1.609375,168
169,1695639761865,0.4428711,-0.25006104,0.91326904,2.5,6.09375,0.828125,169
170,1695639761905,0.4506836,-0.27130127,0.9071655,0.90625,4.8125,0.21875,170
171,1695639761945,0.46801758,-0.286438,0.8920288,-1.59375,2.375,0.171875,171
172,1695639761985,0.47607422,-0.25250244,0.8900757,-2.453125,0.53125,0.703125,172
173,1695639762025,0.47070312,-0.22247314,0.899353,1.765625,-0.828125,0.84375,173
174,1695639762065,0.45214844,-0.26470947,0.89886475,5.125,-2.0,3.796875,174
175,1695639762105,0.44213867,-0.2822876,0.9008179,5.984375,-1.6875,5.0,175
176,1695639762145,0.46411133,-0.300354,0.9525757,3.265625,1.765625,4.8125,176
177,1695639762185,0.42163086,-0.25616455,0.89520264,-2.171875,-2.421875,7.296875,177
178,1695639762225,0.4194336,-0.19903564,0.89764404,-1.171875,-7.53125,0.0625,178
179,1695639762265,0.3955078,-0.20635986,0.9249878,2.703125,-7.484375,-5.03125,179
180,1695639762305,0.36816406,-0.24639893,0.88079834,3.796875,-3.90625,-6.609375,180
181,1695639762345,0.4189453,-0.28326416,0.9274292,0.21875,3.765625,-2.1875,181
182,1695639762385,0.43164062,-0.315979,0.92523193,-3.03125,4.234375,-0.09375,182
183,1695639762425,0.42016602,-0.27008057,0.89642334,-2.8125,-1.984375,-0.375,183
184,1695639762465,0.40429688,-0.24932861,0.92303467,-4.390625,-2.390625,-0.25,184
185,1695639762505,0.43945312,-0.28570557,0.916687,-9.625,0.59375,5.34375,185
186,1695639762545,0.37890625,-0.23712158,0.9064331,4.828125,-5.5,0.8125,186
187,1695639762585,0.38793945,-0.19561768,0.9188843,-8.296875,-4.390625,-3.671875,187
188,1695639762625,0.38891602,-0.20758057,0.92962646,-10.640625,-3.421875,-4.0,188
189,1695639762665,0.40478516,-0.19268799,0.92108154,-6.46875,-1.328125,-0.359375,189
190,1695639762705,0.39038086,-0.17462158,0.9369507,-2.453125,1.53125,0.078125,190
191,1695639762745,0.3713379,-0.16412354,0.9191284,9.5,1.0625,-0.140625,191
192,1695639762785,0.33325195,-0.16436768,0.88739014,19.703125,-1.546875,-5.875,192
193,1695639762825,0.3647461,-0.25543213,0.94989014,13.6875,3.671875,-7.0,193
194,1695639762865,0.42138672,-0.32867432,0.92303467,9.046875,7.875,3.328125,194
195,1695639762905,0.4008789,-0.35284424,0.9801636,-0.359375,4.796875,8.234375,195
196,1695639762945,0.3635254,-0.28668213,0.95843506,4.390625,-1.0625,0.203125,196
197,1695639762985,0.34375,-0.28863525,0.9093628,0.8125,-3.890625,-4.046875,197
198,1695639763025,0.3737793,-0.33624268,0.9411011,-10.09375,2.015625,3.59375,198
199,1695639763065,0.42456055,-0.097717285,0.8217163,19.765625,0.84375,2.765625,199
200,1695639763105,0.39648438,-0.4434204,1.0753784,-16.453125,10.40625,5.15625,200
201,1695639763145,0.0024414062,-0.14874268,0.54071045,57.578125,-27.640625,-30.21875,201
202,1695639763185,0.37231445,-0.33013916,0.78533936,5.03125,-2.0,-3.71875,202
203,1695639763225,0.36108398,-0.30010986,0.9203491,-6.953125,3.109375,0.53125,203
204,1695639763265,0.39526367,-0.24737549,0.9381714,1.609375,0.828125,1.09375,204
205,1695639763305,0.42749023,-0.3418579,0.95062256,8.953125,3.734375,5.375,205
206,1695639763345,0.40625,-0.26080322,0.9069214,7.765625,3.21875,5.421875,206
207,1695639763385,0.35717773,-0.27349854,0.97772217,-2.359375,2.796875,2.234375,207
208,1695639763425,0.453125,-0.25689697,0.8307495,4.03125,4.84375,13.140625,208
209,1695639763465,0.32739258,-0.24615479,0.9359741,-4.5625,-9.140625,-5.296875,209
226,1695639763505,0.42138672,-0.36920166,1.3795776,-48.421875,31.375,-10.734375,226
227,1695639763545,0.5620117,-0.44561768,0.9430542,23.609375,5.28125,6.234375,227
228,1695639763585,0.26953125,-0.11627197,0.9071655,-5.015625,-6.359375,-6.265625,228
229,1695639763625,0.41601562,-0.18292236,0.88983154,19.734375,-1.078125,-1.296875,229
230,1695639763665,0.30297852,-0.3267212,0.95648193,7.296875,1.15625,-5.0,230
231,1695639763705,0.32617188,-0.36065674,0.92401123,11.5,6.328125,0.78125,231
232,1695639763745,0.40039062,-0.42486572,0.95233154,-7.078125,5.15625,6.625,232
233,1695639763785,0.5336914,-0.12017822,0.7765503,3.0,0.5,9.25,233
234,1695639763825,0.36401367,-0.0960083,0.90008545,6.46875,1.046875,-12.53125,234
235,1695639763865,0.28930664,-0.5147095,0.9489136,27.59375,-1.328125,-3.5625,235
236,1695639763905,0.2944336,-0.5198364,0.9125366,0.421875,-1.984375,-3.078125,236
237,1695639763945,0.3942871,-0.3977661,0.8510132,10.015625,-10.921875,-10.234375,237
238,1695639763985,0.3803711,-0.4385376,0.8607788,0.171875,-13.1875,-10.03125,238
239,1695639764025,0.40283203,-0.32818604,0.9501343,-7.90625,-17.125,-17.921875,239
240,1695639764065,0.27905273,-0.43389893,0.92962646,-5.8125,-5.125,-0.171875,240
241,1695639764105,0.33154297,-0.3880005,0.9484253,-1.828125,-10.375,-3.140625,241
242,1695639764145,0.09301758,-0.42193604,0.88201904,-13.40625,-1.984375,-2.09375,242
243,1695639764185,0.1472168,-0.36480713,0.96624756,-23.0,-0.171875,-9.640625,243
244,1695639764225,0.23950195,-0.32891846,0.94573975,-3.625,3.65625,-5.90625,244
245,1695639764265,0.30566406,-0.24298096,0.8768921,-2.578125,8.484375,-0.140625,245
246,1695639764305,0.37524414,-0.29449463,0.95306396,-8.578125,10.203125,0.171875,246
247,1695639764345,0.2644043,-0.4043579,0.99139404,-7.28125,6.546875,3.4375,247
248,1695639764385,0.27075195,-0.31549072,0.918396,-12.796875,9.78125,4.90625,248
249,1695639764425,0.33422852,-0.21807861,0.8876343,-10.515625,10.109375,1.734375,249
250,1695639764465,0.25854492,-0.33721924,0.9660034,-12.96875,17.296875,5.78125,250
251,1695639764505,0.42797852,-0.17828369,0.9047241,-16.046875,18.109375,5.6875,251
252,1695639764545,0.40039062,-0.13092041,0.95428467,-4.96875,7.71875,1.109375,252
253,1695639764585,0.3540039,-0.14385986,0.93621826,-14.703125,7.234375,1.953125,253
254,1695639764625,0.38793945,-0.18951416,0.9281616,-20.1875,7.25,3.9375,254
255,1695639764665,0.36132812,-0.21881104,0.9606323,-20.25,4.0625,2.46875,255
256,1695639764705,0.38354492,-0.08428955,0.8978882,-4.625,2.515625,-2.546875,256
257,1695639764745,0.3894043,-0.09844971,0.9171753,13.796875,8.125,0.359375,257
258,1695639764785,0.41381836,-0.16070557,0.888855,16.875,9.046875,1.546875,258
259,1695639764825,0.43310547,-0.24176025,0.91033936,17.96875,8.28125,2.296875,259
260,1695639764865,0.44628906,-0.29742432,0.9664917,13.421875,6.0625,2.34375,260
261,1695639764905,0.44360352,-0.30230713,0.93304443,6.046875,-0.640625,0.296875,261
262,1695639764945,0.4309082,-0.2571411,0.9225464,3.265625,-3.4375,-2.65625,262
263,1695639764985,0.4189453,-0.23370361,0.9303589,1.65625,-3.625,-5.078125,263
264,1695639765025,0.42578125,-0.19830322,0.93377686,1.6875,-4.734375,-5.921875,264
265,1695639765065,0.484375,-0.29718018,0.8085327,-4.59375,-8.375,-5.109375,265
266,1695639765105,0.12475586,-0.32061768,1.6698608,-3.796875,-15.140625,18.9375,266
267,1695639765145,0.21020508,-0.2185669,1.1439819,1.359375,-40.0625,-6.875,267
268,1695639765185,0.14379883,-0.2341919,0.8456421,21.1875,-18.640625,-0.5,268
269,1695639765225,0.0925293,-0.22296143,1.0480347,7.859375,-5.265625,-1.484375,269
270,1695639765265,0.23583984,-0.20880127,0.9801636,10.3125,0.078125,-1.796875,270
271,1695639765305,0.22485352,-0.22271729,1.0011597,21.65625,0.875,0.671875,271
272,1695639765345,0.18481445,-0.3267212,1.0109253,21.03125,4.875,0.328125,272
273,1695639765385,0.18896484,-0.33551025,0.9738159,8.734375,10.421875,-1.546875,273
274,1695639765425,0.22949219,-0.32281494,0.9515991,-0.40625,12.484375,-1.546875,274
275,1695639765465,0.24487305,-0.2937622,0.9525757,-4.203125,10.4375,-1.953125,275
276,1695639765505,0.2631836,-0.2859497,0.93182373,-3.359375,5.609375,-2.15625,276
277,1695639765545,0.27075195,-0.28790283,0.9503784,-2.234375,6.03125,-2.203125,277
278,1695639765585,0.26367188,-0.28326416,0.9215698,-3.78125,6.640625,-1.953125,278
279,1695639765625,0.2770996,-0.28790283,0.99090576,-2.109375,4.296875,-2.6875,279
280,1695639765665,0.27026367,-0.3086548,1.0187378,7.640625,1.703125,-0.53125,280
281,1695639765705,0.2355957,-0.30889893,1.0751343,23.21875,1.59375,-0.328125,281
282,1695639765745,0.65185547,-0.046936035,0.5543823,-55.734375,72.15625,5.078125,282
283,1695639765785,0.34594727,-0.23468018,0.92108154,-44.015625,9.640625,-2.71875,283
284,1695639765825,0.35717773,-0.108947754,0.90496826,-24.359375,8.0,-0.734375,284
285,1695639765865,0.34594727,-0.1326294,0.914978,-6.75,2.46875,-0.484375,285
286,1695639765905,0.3779297,-0.10235596,0.92230225,8.828125,4.28125,1.125,286
287,1695639765945,0.39819336,-0.11895752,0.9088745,16.5,5.0625,3.125,287
288,1695639765985,0.40161133,-0.17242432,0.88031006,22.8125,1.78125,5.0625,288
289,1695639766025,0.29614258,-0.35162354,1.0250854,13.375,0.625,-1.40625,289
290,1695639766065,0.35766602,-0.29815674,0.9833374,13.4375,4.9375,-2.046875,290
291,1695639766105,0.38476562,-0.2991333,0.93426514,18.40625,4.890625,-2.828125,291
292,1695639766145,0.40039062,-0.27301025,0.92059326,17.0625,0.65625,-4.75,292
293,1695639766185,0.41088867,-0.2666626,0.9057007,10.0,1.0625,-2.390625,293
294,1695639766225,0.39746094,-0.2805786,0.91326904,6.578125,-1.1875,-0.75,294
295,1695639766265,0.37597656,-0.30377197,0.91448975,7.15625,-1.453125,-1.578125,295
296,1695639766305,0.36499023,-0.3274536,0.90838623,7.234375,-0.96875,-2.078125,296
297,1695639766345,0.37060547,-0.33233643,0.9135132,4.71875,0.59375,-1.984375,297
298,1695639766385,0.3701172,-0.3484497,0.9130249,2.4375,0.875,-2.640625,298
299,1695639766425,0.35327148,-0.3555298,0.90740967,-0.96875,2.421875,-3.09375,299
300,1695639766465,0.3413086,-0.34820557,0.90789795,-4.875,2.984375,-2.890625,300
301,1695639766505,0.3564453,-0.36480713,0.94989014,0.609375,2.96875,-3.796875,301
302,1695639766545,0.36694336,-0.3826294,0.93792725,-0.171875,2.28125,-3.53125,302
303,1695639766585,0.36645508,-0.34210205,0.9179077,-10.5625,0.453125,-2.46875,303
304,1695639766625,0.36499023,-0.30596924,0.91326904,-12.28125,-0.03125,-2.140625,304
305,1695639766665,0.3474121,-0.2937622,0.9215698,-10.40625,-0.171875,-1.46875,305
306,1695639766705,0.34057617,-0.2966919,0.9279175,-13.15625,1.859375,-0.59375,306
307,1695639766745,0.34765625,-0.26861572,0.92303467,-20.046875,2.015625,0.453125,307
308,1695639766785,0.34887695,-0.22979736,0.9320679,-23.75,1.8125,1.671875,308
309,1695639766825,0.3564453,-0.20611572,0.9550171,-22.46875,1.578125,1.90625,309
310,1695639766865,0.33911133,-0.1843872,0.9677124,-20.375,1.25,1.28125,310
311,1695639766905,0.35864258,-0.14874268,0.95355225,-17.703125,2.515625,1.0625,311
312,1695639766945,0.35742188,-0.13360596,0.94329834,-16.40625,2.90625,1.1875,312
313,1695639766985,0.35107422,-0.11505127,0.963562,-16.0,1.921875,0.609375,313
314,1695639767025,0.3564453,-0.08502197,0.9696655,-11.53125,1.78125,0.5625,314
315,1695639767065,0.38208008,-0.085510254,0.9586792,-4.234375,3.03125,0.53125,315
316,1695639767105,0.3725586,-0.08721924,0.93304443,5.921875,-0.421875,-2.171875,316
317,1695639767145,0.40673828,-0.0791626,0.9310913,16.859375,3.53125,-3.3125,317
318,1695639767185,0.38110352,-0.109191895,0.8720093,27.59375,2.859375,-2.421875,318
319,1695639767225,0.3894043,-0.17266846,0.9154663,35.234375,3.34375,-2.71875,319
320,1695639767265,0.3869629,-0.24884033,0.9645386,34.03125,3.75,-2.65625,320
321,1695639767305,0.3791504,-0.28424072,0.9677124,14.390625,-0.671875,-0.546875,321
322,1695639767345,0.38354492,-0.26690674,0.9750366,-1.125,0.53125,-0.015625,322
323,1695639767385,0.3413086,-0.25201416,0.9447632,-2.234375,-1.390625,0.09375,323
324,1695639767425,0.3293457,-0.23492432,0.9352417,4.796875,-1.96875,-1.390625,324
325,1695639767465,0.34716797,-0.23687744,0.9347534,8.296875,1.765625,-2.59375,325
326,1695639767505,0.37451172,-0.26861572,0.92889404,6.421875,3.765625,-2.90625,326
327,1695639767545,0.37280273,-0.29766846,0.92523193,4.0,2.46875,-3.09375,327
328,1695639767585,0.37939453,-0.32183838,0.92718506,2.9375,1.984375,-3.578125,328
329,1695639767625,0.38354492,-0.32037354,0.93792725,2.390625,-0.03125,-2.484375,329
330,1695639767665,0.37109375,-0.31671143,0.9257202,0.9375,-1.796875,-1.75,330
331,1695639767705,0.34643555,-0.29937744,0.9286499,1.0,-3.171875,-0.921875,331
332,1695639767745,0.32983398,-0.28985596,0.9269409,2.0625,-3.8125,-0.234375,332
333,1695639767785,0.3215332,-0.28961182,0.93573,1.453125,-2.765625,-1.03125,333
334,1695639767825,0.31103516,-0.28399658,0.9303589,1.203125,-1.796875,-1.421875,334
335,1695639767865,0.29956055,-0.2876587,0.93182373,1.109375,-0.421875,-1.453125,335
336,1695639767905,0.29589844,-0.29986572,0.9435425,3.296875,0.515625,-2.078125,336
337,1695639767945,0.29785156,-0.3098755,0.9279175,2.84375,2.171875,-2.140625,337
338,1695639767985,0.29516602,-0.3213501,0.9376831,1.171875,3.46875,-1.171875,338
339,1695639768025,0.31640625,-0.32843018,0.9269409,1.71875,3.78125,-0.265625,339
340,1695639768065,0.33203125,-0.32891846,0.9249878,1.78125,3.765625,0.15625,340
341,1695639768105,0.34033203,-0.3447876,0.94573975,3.375,3.296875,-0.78125,341
342,1695639768145,0.34545898,-0.3550415,0.94818115,3.671875,2.171875,-1.671875,342
343,1695639768185,0.35229492,-0.3591919,0.9501343,0.234375,1.0625,-1.6875,343
344,1695639768225,0.34350586,-0.32965088,0.9310913,-0.40625,1.359375,-1.53125,344
345,1695639768265,0.3408203,-0.31988525,0.9352417,4.1875,3.28125,-1.078125,345
346,1695639768305,0.34570312,-0.33380127,0.9237671,7.28125,6.796875,-0.921875,346
347,1695639768345,0.34204102,-0.3508911,0.90960693,5.953125,5.6875,-0.078125,347
348,1695639768385,0.31054688,-0.35162354,0.8851929,-3.8125,2.703125,1.21875,348
349,1695639768425,0.31152344,-0.32989502,0.8842163,-13.875,3.6875,0.9375,349
350,1695639768465,0.33544922,-0.3118286,0.9118042,-19.421875,4.703125,-1.75,350
351,1695639768505,0.33398438,-0.27520752,0.8805542,-21.828125,1.703125,-3.203125,351
352,1695639768545,0.36083984,-0.25006104,0.9467163,-9.53125,4.625,-4.40625,352
353,1695639768585,0.39404297,-0.222229,0.93182373,-6.390625,1.28125,-3.359375,353
354,1695639768625,0.40527344,-0.24029541,0.9550171,-12.78125,-0.9375,-1.25,354
355,1695639768665,0.36547852,-0.25543213,0.94158936,-18.6875,1.390625,0.125,355
356,1695639768705,0.34301758,-0.24542236,0.95184326,-14.75,0.0625,0.21875,356
357,1695639768745,0.32714844,-0.2263794,0.9364624,-7.609375,0.15625,-0.65625,357
358,1695639768785,0.35083008,-0.20611572,0.9281616,-3.390625,1.984375,-1.484375,358
359,1695639768825,0.3552246,-0.21417236,0.97576904,1.484375,2.015625,-2.03125,359
360,1695639768865,0.35375977,-0.20220947,0.9713745,1.578125,1.46875,-2.953125,360
361,1695639768905,0.36157227,-0.1843872,0.9515991,-1.921875,1.375,-3.890625,361
362,1695639768945,0.34521484,-0.18145752,0.95599365,-3.3125,0.875,-4.40625,362
363,1695639768985,0.3557129,-0.16925049,0.95965576,-1.140625,-0.125,-4.40625,363
364,1695639769025,0.33935547,-0.1831665,0.9430542,2.375,-1.171875,-3.1875,364
365,1695639769065,0.34887695,-0.18145752,0.9435425,12.109375,0.1875,-3.3125,365
366,1695639769105,0.35107422,-0.17388916,0.89959717,30.78125,4.234375,-4.1875,366
367,1695639769145,0.34960938,-0.24029541,0.9332886,41.15625,9.109375,-4.40625,367
368,1695639769185,0.31860352,-0.30767822,0.8912964,27.765625,5.890625,-2.28125,368
369,1695639769225,0.32373047,-0.38043213,0.9677124,5.125,6.9375,-2.296875,369
370,1695639769265,0.30859375,-0.3862915,0.91326904,-7.71875,-2.40625,-6.25,370
371,1695639769305,0.30566406,-0.35894775,0.8961792,-10.265625,-2.0625,-8.359375,371
372,1695639769345,0.3779297,-0.3262329,0.934021,-7.828125,3.859375,-4.984375,372
373,1695639769385,0.36157227,-0.3040161,0.8798218,2.65625,9.1875,-5.390625,373
374,1695639769425,0.36791992,-0.25616455,0.8624878,4.484375,9.9375,-5.546875,374
375,1695639769465,0.35986328,-0.31817627,0.9100952,6.453125,7.34375,-6.078125,375
376,1695639769505,0.34521484,-0.40093994,0.93743896,2.859375,5.390625,-6.390625,376
377,1695639769545,0.39282227,-0.40582275,0.9398804,-6.53125,3.609375,-1.296875,377
378,1695639769585,0.3635254,-0.35064697,0.89886475,-6.4375,0.796875,1.140625,378
379,1695639769625,0.33325195,-0.3237915,0.8798218,-2.78125,1.34375,1.203125,379
380,1695639769665,0.33544922,-0.3399048,0.89471436,0.34375,3.78125,1.234375,380
381,1695639769705,0.36083984,-0.34283447,0.9242554,0.8125,4.984375,1.375,381
382,1695639769745,0.375,-0.32891846,0.9110718,2.265625,5.53125,0.515625,382
383,1695639769785,0.38745117,-0.32452393,0.9088745,2.890625,5.25,0.078125,383
384,1695639769825,0.39038086,-0.32891846,0.8981323,1.765625,7.0,0.171875,384
385,1695639769865,0.39111328,-0.33624268,0.88934326,-0.171875,6.96875,0.28125,385
386,1695639769905,0.40576172,-0.35064697,0.88934326,1.046875,6.921875,-0.09375,386
387,1695639769945,0.4189453,-0.35577393,0.9203491,6.890625,5.609375,-1.40625,387
388,1695639769985,0.42382812,-0.3892212,0.9179077,10.1875,3.78125,-2.78125,388
389,1695639770025,0.40795898,-0.38458252,0.88153076,4.28125,0.234375,-2.09375,389
390,1695639770065,0.3930664,-0.362854,0.868103,-0.59375,-0.75,-1.21875,390
391,1695639770105,0.390625,-0.35308838,0.8751831,-1.03125,0.0,-0.578125,391
392,1695639770145,0.3918457,-0.34820557,0.87713623,0.734375,1.15625,-0.5,392
393,1695639770185,0.4013672,-0.3538208,0.87249756,1.015625,1.609375,-0.140625,393
394,1695639770225,0.39697266,-0.362854,0.8720093,-0.96875,2.015625,0.6875,394
395,1695639770265,0.40478516,-0.35894775,0.8722534,-4.734375,0.40625,1.109375,395
396,1695639770305,0.39379883,-0.3513794,0.8903198,-5.109375,-0.5,0.875,396
397,1695639770345,0.39746094,-0.34136963,0.87835693,-6.8125,-0.953125,0.5625,397
398,1695639770385,0.38354492,-0.3267212,0.8895874,-6.390625,-1.1875,0.703125,398
399,1695639770425,0.3881836,-0.32843018,0.8973999,-6.375,-0.5625,0.25,399
400,1695639770465,0.40649414,-0.30914307,0.9088745,-8.3125,-1.1875,0.640625,400
401,1695639770505,0.42236328,-0.3040161,0.90179443,-10.78125,-1.296875,1.0625,401
402,1695639770545,0.41186523,-0.28668213,0.90618896,-15.84375,-2.875,1.921875,402
403,1695639770585,0.37548828,-0.2612915,0.9303589,-21.453125,-2.0625,3.0625,403
404,1695639770625,0.36279297,-0.22906494,0.93499756,-18.78125,-1.09375,2.671875,404
405,1695639770665,0.36328125,-0.20098877,0.93963623,-12.0,-0.5,1.359375,405
406,1695639770705,0.36499023,-0.19073486,0.9286499,-5.90625,-1.453125,1.5625,406
407,1695639770745,0.3798828,-0.20172119,0.93792725,-3.953125,-0.421875,1.953125,407
408,1695639770785,0.36401367,-0.206604,0.9291382,-4.890625,0.859375,1.34375,408
409,1695639770825,0.36254883,-0.20367432,0.92962646,3.921875,1.34375,-0.140625,409
410,1695639770865,0.3725586,-0.19537354,0.87005615,17.015625,4.28125,-2.15625,410
411,1695639770905,0.4169922,-0.25421143,0.9113159,30.109375,6.0,-2.703125,411
412,1695639770945,0.31933594,-0.21099854,0.8510132,33.953125,5.734375,-3.234375,412
413,1695639770985,0.39672852,-0.31915283,0.9352417,20.453125,6.53125,-2.953125,413
414,1695639771025,0.4008789,-0.36431885,0.9562378,3.90625,4.9375,-0.5625,414
415,1695639771065,0.32470703,-0.31256104,0.89178467,-0.578125,0.703125,-2.75,415
416,1695639771105,0.39746094,-0.3110962,0.90960693,-5.40625,1.0,-2.34375,416
417,1695639771145,0.390625,-0.28448486,0.8822632,0.703125,1.09375,-2.09375,417
418,1695639771185,0.39575195,-0.29180908,0.8973999,4.421875,3.3125,-1.390625,418
419,1695639771225,0.39282227,-0.32305908,0.91278076,3.421875,4.3125,-1.109375,419
420,1695639771265,0.3864746,-0.33843994,0.92303467,1.78125,2.625,-1.140625,420
421,1695639771305,0.37280273,-0.34674072,0.91448975,0.53125,0.671875,-1.09375,421
422,1695639771345,0.3798828,-0.3423462,0.9015503,-0.28125,0.25,-0.828125,422
423,1695639771385,0.37182617,-0.33917236,0.8842163,-0.421875,1.625,0.125,423
424,1695639771425,0.37719727,-0.3303833,0.89642334,1.265625,3.296875,0.515625,424
425,1695639771465,0.38916016,-0.31939697,0.8973999,1.96875,4.03125,0.046875,425
426,1695639771505,0.39648438,-0.3164673,0.9039917,2.046875,3.828125,-0.3125,426
427,1695639771545,0.41064453,-0.35308838,0.90667725,0.171875,4.1875,-0.171875,427
428,1695639771585,0.4182129,-0.3789673,0.9220581,4.71875,3.21875,-1.78125,428
429,1695639771625,0.41430664,-0.36187744,0.9281616,5.859375,2.359375,-1.90625,429
430,1695639771665,0.38110352,-0.3652954,0.887146,0.25,-0.90625,-1.03125,430
431,1695639771705,0.36621094,-0.33013916,0.87615967,-3.96875,-0.46875,-0.03125,431
432,1695639771745,0.37158203,-0.3255005,0.89056396,-3.375,1.578125,-0.046875,432
433,1695639771785,0.37939453,-0.31134033,0.8878784,-2.078125,1.5625,-0.46875,433
434,1695639771825,0.3959961,-0.3196411,0.8912964,-1.046875,2.0625,-0.375,434
435,1695639771865,0.39111328,-0.3196411,0.8847046,-1.25,1.765625,-0.015625,435
436,1695639771905,0.3942871,-0.3435669,0.91278076,1.75,1.78125,-0.40625,436
437,1695639771945,0.3947754,-0.3345337,0.8944702,-0.875,1.171875,0.4375,437
438,1695639771985,0.4020996,-0.32965088,0.899353,0.171875,1.34375,0.6875,438
439,1695639772025,0.38867188,-0.31915283,0.8866577,-2.65625,0.46875,1.625,439
440,1695639772065,0.3815918,-0.31793213,0.9020386,-6.1875,0.578125,2.328125,440
441,1695639772105,0.37109375,-0.30596924,0.90960693,-9.328125,0.484375,1.796875,441
442,1695639772145,0.38427734,-0.2871704,0.92108154,-10.578125,-0.640625,1.125,442
443,1695639772185,0.38891602,-0.26739502,0.9088745,-13.1875,-1.734375,0.734375,443
444,1695639772225,0.38500977,-0.25323486,0.90618896,-12.6875,-0.75,0.859375,444
445,1695639772265,0.3713379,-0.23931885,0.94085693,-10.9375,-0.71875,0.578125,445
446,1695639772305,0.3828125,-0.2312622,0.9430542,-11.390625,-1.390625,0.71875,446
447,1695639772345,0.38330078,-0.21929932,0.94036865,-10.796875,-1.84375,1.3125,447
448,1695639772385,0.3852539,-0.20880127,0.9359741,-9.96875,-0.546875,0.765625,448
449,1695639772425,0.37304688,-0.20220947,0.9257202,-4.40625,-0.09375,0.125,449
450,1695639772465,0.38330078,-0.18292236,0.9159546,5.28125,3.140625,-1.0625,450
451,1695639772505,0.38671875,-0.19049072,0.8961792,12.890625,3.34375,-2.1875,451
452,1695639772545,0.38842773,-0.20855713,0.89227295,18.859375,4.5,-2.140625,452
453,1695639772585,0.38598633,-0.25567627,0.92474365,23.5,5.25,-2.5,453
454,1695639772625,0.39819336,-0.29644775,0.93548584,23.875,4.390625,-3.359375,454
455,1695639772665,0.39501953,-0.32891846,0.91864014,16.65625,4.203125,-2.625,455
456,1695639772705,0.39648438,-0.34649658,0.91204834,8.96875,4.234375,-1.40625,456
457,1695639772745,0.42749023,-0.3484497,0.9298706,1.859375,4.59375,0.203125,457
458,1695639772785,0.33569336,-0.29937744,0.86102295,5.203125,1.75,-1.296875,458
459,1695639772825,0.3918457,-0.32891846,0.8912964,2.328125,2.8125,-1.6875,459
460,1695639772865,0.39135742,-0.3255005,0.89471436,1.6875,1.328125,-1.328125,460
461,1695639772905,0.390625,-0.34014893,0.8944702,2.046875,0.59375,-1.578125,461
462,1695639772945,0.37475586,-0.34649658,0.90057373,1.578125,0.625,-1.625,462
463,1695639772985,0.38623047,-0.35723877,0.8932495,0.9375,1.84375,-1.015625,463
464,1695639773025,0.38012695,-0.3591919,0.8966675,0.484375,1.4375,-0.984375,464
465,1695639773065,0.38232422,-0.35699463,0.89886475,0.390625,1.40625,-0.390625,465
466,1695639773105,0.38549805,-0.35650635,0.89886475,0.78125,2.1875,-0.28125,466
467,1695639773145,0.3828125,-0.35284424,0.8912964,0.671875,2.25,-0.3125,467
468,1695639773185,0.38134766,-0.34747314,0.88568115,0.71875,2.296875,-0.3125,468
469,1695639773225,0.5214844,-0.4492798,1.008728,-5.75,-0.625,0.96875,469
470,1695639773265,0.37451172,-0.36309814,0.9164429,2.78125,2.65625,-1.390625,470
471,1695639773305,0.3894043,-0.36627197,0.89886475,0.1875,1.765625,-0.921875,471
472,1695639773345,0.38720703,-0.3579712,0.8915405,-1.90625,0.03125,-0.921875,472
473,1695639773385,0.36865234,-0.33917236,0.883728,-3.359375,0.515625,-0.765625,473
474,1695639773425,0.37695312,-0.32891846,0.8800659,-3.078125,1.453125,-0.828125,474
475,1695639773465,0.38989258,-0.33135986,0.8998413,-2.296875,1.859375,-0.484375,475
476,1695639773505,0.38745117,-0.3418579,0.9015503,-2.515625,1.796875,-0.234375,476
477,1695639773545,0.37402344,-0.34429932,0.8925171,-3.828125,1.203125,-0.03125,477
478,1695639773585,0.38012695,-0.34747314,0.9003296,-4.78125,1.25,0.09375,478
479,1695639773625,0.37231445,-0.34136963,0.91278076,-6.5625,1.484375,0.65625,479
480,1695639773665,0.39111328,-0.3135376,0.90252686,-8.265625,1.765625,0.875,480
481,1695639773705,0.39135742,-0.2930298,0.90179443,-9.125,1.0,0.75,481
482,1695639773745,0.38745117,-0.27789307,0.9098511,-11.265625,1.3125,1.4375,482
483,1695639773785,0.39892578,-0.25933838,0.91400146,-11.640625,1.109375,1.640625,483
484,1695639773825,0.38378906,-0.25006104,0.91571045,-12.25,0.3125,1.046875,484
485,1695639773865,0.39086914,-0.23687744,0.91986084,-8.875,-1.078125,0.453125,485
486,1695639773905,0.39501953,-0.237854,0.9213257,-7.8125,-0.375,0.03125,486
487,1695639773945,0.37841797,-0.2197876,0.93865967,-7.453125,0.046875,0.546875,487
488,1695639773985,0.40307617,-0.22174072,0.93670654,-8.078125,-0.640625,0.765625,488
489,1695639774025,0.37573242,-0.21221924,0.9503784,-8.578125,-0.328125,0.859375,489
490,1695639774065,0.3798828,-0.1885376,0.9411011,-7.8125,-0.515625,0.578125,490
491,1695639774105,0.38598633,-0.19024658,0.93621826,-6.1875,-0.203125,0.671875,491
492,1695639774145,0.37475586,-0.1741333,0.94085693,-3.640625,0.796875,0.828125,492
493,1695639774185,0.3527832,-0.17486572,0.95721436,-2.40625,0.90625,0.765625,493
494,1695639774225,0.36254883,-0.15240479,0.95648193,-1.28125,0.6875,0.609375,494
495,1695639774265,0.34448242,-0.15924072,0.95526123,0.8125,1.765625,-0.03125,495
496,1695639774305,0.36572266,-0.16290283,0.92962646,2.515625,2.890625,-0.734375,496
497,1695639774345,0.38476562,-0.17193604,0.91937256,8.671875,3.921875,-2.453125,497
498,1695639774385,0.39331055,-0.19366455,0.91864014,17.875,5.03125,-3.5,498
499,1695639774425,0.3972168,-0.22198486,0.9154663,26.625,5.8125,-4.078125,499
500,1695639774465,0.390625,-0.2625122,0.92474365,23.890625,5.140625,-3.046875,500
501,1695639774505,0.39233398,-0.30059814,0.9435425,14.3125,4.421875,-1.578125,501
502,1695639774545,0.37939453,-0.3015747,0.92523193,3.921875,1.8125,-1.703125,502
503,1695639774585,0.37841797,-0.28619385,0.9164429,0.421875,1.5,-2.859375,503
504,1695639774625,0.38183594,-0.2835083,0.91278076,2.96875,1.953125,-3.3125,504
505,1695639774665,0.39648438,-0.28619385,0.8991089,4.796875,1.6875,-2.859375,505
506,1695639774705,0.40161133,-0.2925415,0.9081421,3.3125,3.34375,-0.984375,506
507,1695639774745,0.3930664,-0.30767822,0.9225464,3.75,3.1875,-1.0625,507
508,1695639774785,0.3791504,-0.32281494,0.9196167,3.6875,3.1875,-1.015625,508
509,1695639774825,0.38549805,-0.33111572,0.8930054,1.53125,1.984375,-0.421875,509
510,1695639774865,0.43286133,-0.347229,0.97821045,1.703125,0.90625,-0.921875,510
511,1695639774905,0.38012695,-0.33111572,0.89764404,3.21875,5.28125,-0.84375,511
512,1695639774945,0.40771484,-0.33502197,0.9057007,2.546875,3.90625,-0.3125,512
513,1695639774985,0.40966797,-0.3394165,0.9225464,1.890625,2.75,-0.109375,513
514,1695639775025,0.39770508,-0.34576416,0.91400146,0.46875,2.578125,-0.15625,514
515,1695639775065,0.38623047,-0.33184814,0.902771,-2.703125,1.046875,-0.34375,515
516,1695639775105,0.38745117,-0.315979,0.8895874,-5.234375,1.21875,-0.203125,516
517,1695639775145,0.39404297,-0.2966919,0.8890991,-6.796875,1.640625,-0.25,517
518,1695639775185,0.39794922,-0.29327393,0.88861084,-6.359375,1.640625,-0.125,518
519,1695639775225,0.38916016,-0.29986572,0.8949585,-5.25,1.9375,-0.28125,519
520,1695639775265,0.3984375,-0.30255127,0.8944702,-5.25,2.015625,-0.1875,520
521,1695639775305,0.40698242,-0.29888916,0.91522217,-5.734375,1.328125,0.125,521
522,1695639775345,0.40063477,-0.30767822,0.9071655,-7.765625,0.765625,1.0625,522
523,1695639775385,0.3984375,-0.2822876,0.9098511,-9.046875,0.96875,1.3125,523
524,1695639775425,0.3935547,-0.2630005,0.91864014,-8.390625,1.296875,0.890625,524
525,1695639775465,0.40112305,-0.23809814,0.9154663,-7.65625,1.421875,0.484375,525
526,1695639775505,0.39257812,-0.21612549,0.9196167,-7.5,1.21875,0.1875,526
527,1695639775545,0.40820312,-0.21881104,0.9281616,-5.96875,0.8125,0.078125,527
528,1695639775585,0.40014648,-0.21734619,0.9291382,-5.21875,0.109375,0.234375,528
529,1695639775625,0.39575195,-0.20391846,0.9191284,-2.40625,1.125,-0.078125,529
530,1695639775665,0.39868164,-0.22296143,0.91522217,1.859375,1.46875,-0.46875,530
531,1695639775705,0.39990234,-0.2197876,0.9047241,5.703125,2.6875,-1.125,531
532,1695639775745,0.40600586,-0.22320557,0.9008179,9.859375,4.109375,-1.203125,532
533,1695639775785,0.40283203,-0.26031494,0.90740967,14.40625,4.328125,-1.921875,533
534,1695639775825,0.41064453,-0.27008057,0.92181396,14.515625,3.78125,-1.828125,534
535,1695639775865,0.40673828,-0.29718018,0.9098511,10.703125,3.09375,-1.359375,535
536,1695639775905,0.41088867,-0.30108643,0.9076538,5.515625,2.875,-0.75,536
537,1695639775945,0.41430664,-0.29571533,0.90667725,3.625,2.625,-0.96875,537
538,1695639775985,0.40966797,-0.28375244,0.8981323,3.921875,2.671875,-1.0625,538
539,1695639776025,0.4140625,-0.2901001,0.88031006,5.328125,2.796875,-1.1875,539
540,1695639776065,0.4165039,-0.30108643,0.888855,3.859375,2.84375,-1.140625,540
541,1695639776105,0.4074707,-0.30499268,0.8903198,2.484375,2.5625,-0.921875,541
542,1695639776145,0.4020996,-0.32354736,0.8969116,1.90625,1.890625,-1.21875,542
543,1695639776185,0.40649414,-0.333313,0.89959717,2.046875,1.921875,-1.203125,543
544,1695639776225,0.4111328,-0.32867432,0.8908081,1.765625,2.53125,-1.09375,544
545,1695639776265,0.4206543,-0.33306885,0.89593506,2.0,2.859375,-0.734375,545
546,1695639776305,0.4243164,-0.33673096,0.90374756,1.78125,2.65625,-0.5625,546
547,1695639776345,0.41015625,-0.347229,0.8925171,-1.65625,0.6875,-0.546875,547
548,1695639776385,0.40649414,-0.32720947,0.88690186,-4.84375,-0.34375,-0.15625,548
549,1695639776425,0.40234375,-0.29522705,0.8895874,-5.75,-0.109375,-0.171875,549
550,1695639776465,0.4111328,-0.28277588,0.8895874,-4.296875,1.15625,-0.578125,550
551,1695639776505,0.4091797,-0.29083252,0.88568115,-3.25,0.921875,-0.6875,551
552,1695639776545,0.4111328,-0.2942505,0.8895874,-2.4375,0.796875,-0.4375,552
553,1695639776585,0.41479492,-0.31500244,0.89593506,-2.078125,-0.15625,-0.1875,553
554,1695639776625,0.40673828,-0.3135376,0.89349365,-2.734375,-0.375,0.0,554
555,1695639776665,0.40478516,-0.30841064,0.8998413,-2.78125,-0.59375,-0.5,555
556,1695639776705,0.40625,-0.2901001,0.90179443,-2.59375,-0.5,-0.265625,556
557,1695639776745,0.40112305,-0.2786255,0.90252686,-3.0,-0.84375,-0.046875,557
558,1695639776785,0.39501953,-0.27667236,0.8859253,-3.453125,-0.15625,0.21875,558
559,1695639776825,0.3955078,-0.26715088,0.91033936,-0.21875,0.28125,-0.515625,559
560,1695639776865,0.39160156,-0.253479,0.88397217,3.578125,0.25,-1.109375,560
561,1695639776905,0.3930664,-0.25079346,0.87127686,6.96875,2.140625,-1.578125,561
562,1695639776945,0.39697266,-0.2703247,0.8739624,11.578125,3.5,-1.84375,562
563,1695639776985,0.4050293,-0.3184204,0.89056396,11.6875,4.09375,-1.125,563
564,1695639777025,0.40551758,-0.3550415,0.9039917,5.765625,3.59375,-0.21875,564
565,1695639777065,0.4091797,-0.35968018,0.914978,-0.25,1.390625,-0.15625,565
566,1695639777105,0.3972168,-0.3340454,0.90789795,-3.03125,-0.390625,-0.71875,566
567,1695639777145,0.39819336,-0.3098755,0.8969116,-2.765625,-0.3125,-1.1875,567
568,1695639777185,0.39331055,-0.29522705,0.88983154,-2.109375,0.640625,-1.203125,568
569,1695639777225,0.39453125,-0.300354,0.8981323,-0.78125,2.046875,-1.28125,569
570,1695639777265,0.4033203,-0.315979,0.9088745,0.578125,2.4375,-1.484375,570
571,1695639777305,0.39501953,-0.3352661,0.89764404,0.84375,1.703125,-1.53125,571
572,1695639777345,0.3959961,-0.34161377,0.9086304,0.125,1.53125,-1.03125,572
573,1695639777385,0.390625,-0.32965088,0.9032593,0.828125,1.421875,-0.65625,573
574,1695639777425,0.39697266,-0.33770752,0.91864014,1.9375,2.75,-0.5625,574
575,1695639777465,0.40039062,-0.33184814,0.91571045,2.390625,2.625,-0.5,575
576,1695639777505,0.38720703,-0.33355713,0.91082764,1.25,1.078125,-0.5625,576
577,1695639777545,0.3798828,-0.3196411,0.8903198,-1.578125,0.96875,-0.109375,577
578,1695639777585,0.38354492,-0.29840088,0.8920288,-2.609375,2.09375,-0.203125,578
579,1695639777625,0.39453125,-0.29595947,0.89349365,-1.15625,2.078125,-0.421875,579
580,1695639777665,0.39404297,-0.3008423,0.8895874,-0.15625,1.890625,-0.28125,580
581,1695639777705,0.3947754,-0.32452393,0.90130615,0.203125,2.390625,-0.03125,581
582,1695639777745,0.40112305,-0.333313,0.89715576,-0.59375,2.421875,0.125,582
583,1695639777785,0.40551758,-0.33013916,0.9035034,-1.0625,2.03125,0.265625,583
584,1695639777825,0.40722656,-0.32159424,0.90838623,-1.28125,1.578125,0.40625,584
585,1695639777865,0.4013672,-0.3118286,0.8878784,-2.765625,1.40625,0.59375,585
586,1695639777905,0.40234375,-0.29473877,0.8920288,-3.140625,1.46875,0.6875,586
587,1695639777945,0.3984375,-0.2942505,0.89593506,-2.59375,1.046875,0.421875,587
588,1695639777985,0.40283203,-0.2876587,0.89642334,-3.859375,1.28125,0.109375,588
589,1695639778025,0.40161133,-0.27667236,0.89837646,-3.171875,1.09375,-0.421875,589
590,1695639778065,0.40576172,-0.27301025,0.8912964,-2.703125,0.890625,-0.453125,590
591,1695639778105,0.40112305,-0.26153564,0.88201904,-0.453125,0.53125,-0.78125,591
592,1695639778145,0.4038086,-0.2546997,0.8656616,5.0625,0.921875,-1.34375,592
593,1695639778185,0.40429688,-0.2798462,0.8739624,9.140625,2.203125,-1.375,593
594,1695639778225,0.40673828,-0.31939697,0.9105835,10.375,3.9375,-1.03125,594
595,1695639778265,0.40893555,-0.36016846,0.9191284,6.59375,2.828125,-1.0,595
596,1695639778305,0.40795898,-0.36114502,0.916687,0.3125,1.171875,-1.0625,596
597,1695639778345,0.40429688,-0.34454346,0.8973999,-3.421875,-0.03125,-1.28125,597
598,1695639778385,0.39648438,-0.31427002,0.8805542,-3.4375,0.6875,-0.859375,598
599,1695639778425,0.3984375,-0.2888794,0.8876343,-1.171875,1.625,-1.03125,599
600,1695639778465,0.40942383,-0.3032837,0.89959717,0.4375,1.59375,-0.84375,600
601,1695639778505,0.40234375,-0.3106079,0.9035034,0.28125,1.5,-0.828125,601
602,1695639778545,0.39941406,-0.3189087,0.8969116,0.515625,0.84375,-0.953125,602
603,1695639778585,0.3876953,-0.32818604,0.89959717,0.84375,0.40625,-0.40625,603
604,1695639778625,0.38549805,-0.33795166,0.90496826,1.53125,0.6875,-0.328125,604
605,1695639778665,0.38354492,-0.34405518,0.9100952,2.1875,1.921875,-0.328125,605
606,1695639778705,0.38989258,-0.34820557,0.91741943,2.484375,2.421875,-0.421875,606
607,1695639778745,0.38232422,-0.3352661,0.89349365,0.71875,1.828125,-0.34375,607
608,1695639778785,0.3852539,-0.31695557,0.9052124,-2.359375,2.484375,-0.203125,608
609,1695639778825,0.38989258,-0.30792236,0.8969116,-2.5625,1.671875,-0.078125,609
610,1695639778865,0.39526367,-0.29937744,0.8908081,-1.421875,1.796875,-0.515625,610
611,1695639778905,0.39404297,-0.30767822,0.88275146,-1.546875,2.1875,-0.40625,611
612,1695639778945,0.40039062,-0.30963135,0.90301514,-0.953125,2.21875,-0.359375,612
613,1695639778985,0.40063477,-0.3196411,0.90374756,-1.734375,1.71875,0.203125,613
614,1695639779025,0.39697266,-0.3237915,0.9008179,-4.75,1.296875,0.625,614
615,1695639779065,0.38452148,-0.3098755,0.8908081,-8.234375,0.71875,1.3125,615
616,1695639779105,0.39453125,-0.29400635,0.91571045,-7.859375,0.703125,0.859375,616
617,1695639779145,0.39746094,-0.27130127,0.9213257,-11.140625,-1.421875,1.28125,617
618,1695639779185,0.40478516,-0.24737549,0.94403076,-16.75,-4.125,2.046875,618
619,1695639779225,0.38671875,-0.20831299,0.92767334,-22.734375,-3.875,3.609375,619
620,1695639779265,0.3737793,-0.19415283,0.9303589,-21.9375,-0.703125,4.140625,620
621,1695639779305,0.3894043,-0.16314697,0.9130249,-16.25,-3.0625,3.1875,621
622,1695639779345,0.38256836,-0.1560669,0.920105,-12.171875,-0.796875,2.28125,622
623,1695639779385,0.37426758,-0.17022705,0.947937,-8.703125,1.484375,1.34375,623
624,1695639779425,0.3786621,-0.14361572,0.97283936,-2.984375,0.15625,0.6875,624
625,1695639779465,0.38452148,-0.14605713,0.9430542,-2.296875,0.578125,1.34375,625
626,1695639779505,0.37768555,-0.12921143,0.9555054,0.578125,1.796875,2.03125,626
627,1695639779545,0.38061523,-0.12921143,0.95477295,3.96875,1.0625,1.8125,627
628,1695639779585,0.37524414,-0.11993408,0.9381714,7.234375,3.3125,0.90625,628
629,1695639779625,0.39111328,-0.1338501,0.9401245,11.796875,4.375,-0.640625,629
630,1695639779665,0.3840332,-0.1494751,0.9274292,20.59375,4.78125,-2.59375,630
631,1695639779705,0.40551758,-0.16949463,0.89398193,31.765625,5.484375,-5.28125,631
632,1695639779745,0.41357422,-0.222229,0.8932495,30.046875,4.453125,-4.671875,632
633,1695639779785,0.39453125,-0.28912354,0.90057373,18.921875,4.078125,-1.984375,633
634,1695639779825,0.38330078,-0.32891846,0.932312,4.328125,2.75,-1.703125,634
635,1695639779865,0.37353516,-0.3435669,0.92303467,-6.84375,-0.125,-2.8125,635
636,1695639779905,0.34692383,-0.3147583,0.9286499,-9.109375,0.109375,-2.40625,636
637,1695639779945,0.35595703,-0.29205322,0.93133545,-11.46875,4.0,0.125,637
638,1695639779985,0.36645508,-0.26055908,0.90496826,-17.546875,8.546875,3.34375,638
639,1695639780025,0.4008789,-0.21612549,0.9286499,-20.03125,12.609375,3.546875,639
640,1695639780065,0.42285156,-0.18878174,0.9435425,-15.46875,11.875,1.53125,640
641,1695639780105,0.4621582,-0.09552002,0.9528198,-0.890625,5.1875,-3.546875,641
642,1695639780145,0.40185547,-0.253479,0.9022827,3.859375,1.65625,-3.53125,642
643,1695639780185,0.43164062,-0.20220947,0.9254761,1.671875,4.515625,-0.28125,643
644,1695639780225,0.44384766,-0.17388916,0.9110718,5.578125,2.53125,1.265625,644
645,1695639780265,0.43896484,-0.1975708,0.9147339,8.140625,1.9375,0.546875,645
646,1695639780305,0.45581055,-0.23614502,0.95062256,11.15625,2.671875,-0.890625,646
647,1695639780345,0.45336914,-0.26080322,0.9291382,6.09375,2.375,-1.34375,647
648,1695639780385,0.42358398,-0.25274658,0.9064331,-3.125,0.296875,-0.84375,648
649,1695639780425,0.41796875,-0.24737549,0.9057007,-5.484375,0.203125,-0.9375,649
650,1695639780465,0.4260254,-0.23492432,0.9244995,-3.015625,0.421875,-0.84375,650
651,1695639780505,0.43066406,-0.20928955,0.90130615,-2.015625,0.1875,-0.703125,651
652,1695639780545,0.4255371,-0.2053833,0.9035034,-0.46875,0.09375,-0.34375,652
653,1695639780585,0.41918945,-0.21490479,0.9113159,0.8125,-0.21875,-0.390625,653
654,1695639780625,0.41503906,-0.21881104,0.918396,0.703125,-0.734375,-0.546875,654
655,1695639780665,0.4091797,-0.22198486,0.9159546,0.78125,-1.5,-0.625,655
656,1695639780705,0.41455078,-0.2156372,0.9076538,-1.609375,-1.03125,-0.78125,656
657,1695639780745,0.4128418,-0.21051025,0.91693115,-3.890625,0.796875,-0.3125,657
658,1695639780785,0.42089844,-0.19390869,0.92181396,-5.765625,0.578125,0.140625,658
659,1695639780825,0.42138672,-0.19610596,0.9225464,-6.9375,-0.296875,0.5,659
660,1695639780865,0.41357422,-0.19195557,0.93963623,-7.421875,-1.625,0.671875,660
661,1695639780905,0.4260254,-0.16802979,0.9437866,-6.171875,-2.953125,0.96875,661
662,1695639780945,0.41625977,-0.16998291,0.9113159,-4.0,-2.65625,1.03125,662
663,1695639780985,0.3618164,-0.19464111,0.90252686,0.859375,-0.28125,-0.0625,663
664,1695639781025,0.39404297,-0.16949463,0.8878784,8.796875,1.984375,-0.921875,664
665,1695639781065,0.38867188,-0.1765747,0.89349365,15.609375,2.375,-1.75,665
666,1695639781105,0.4033203,-0.2119751,0.9227905,18.0625,3.5625,-2.265625,666
667,1695639781145,0.4165039,-0.2522583,0.93499756,13.65625,3.625,-1.875,667
668,1695639781185,0.41552734,-0.2654419,0.9364624,6.53125,2.6875,-1.453125,668
669,1695639781225,0.41088867,-0.26885986,0.9279175,1.21875,1.890625,-1.25,669
670,1695639781265,0.4086914,-0.26275635,0.92230225,-1.203125,1.328125,-0.921875,670
671,1695639781305,0.4013672,-0.2444458,0.9086304,-0.953125,1.453125,-0.453125,671
672,1695639781345,0.40356445,-0.237854,0.91571045,-0.171875,2.390625,-0.234375,672
673,1695639781385,0.40234375,-0.24102783,0.91619873,1.265625,2.359375,-0.359375,673
674,1695639781425,0.39892578,-0.25030518,0.91326904,1.9375,1.6875,-0.65625,674
675,1695639781465,0.3869629,-0.25616455,0.9154663,2.703125,0.4375,-1.078125,675
676,1695639781505,0.38891602,-0.2732544,0.91619873,2.34375,1.0625,-0.84375,676
677,1695639781545,0.40283203,-0.28326416,0.91741943,2.125,1.8125,-0.953125,677
678,1695639781585,0.40698242,-0.27838135,0.9269409,1.90625,2.578125,-0.515625,678
679,1695639781625,0.41796875,-0.300354,0.9525757,3.671875,4.234375,-0.6875,679
680,1695639781665,0.41748047,-0.30303955,0.94036865,1.515625,3.34375,-0.4375,680
681,1695639781705,0.3984375,-0.2654419,0.8932495,-6.796875,0.546875,-0.09375,681
682,1695639781745,0.3881836,-0.24493408,0.8991089,-8.671875,-0.515625,-0.015625,682
683,1695639781785,0.38793945,-0.22418213,0.9122925,-7.28125,0.109375,-0.078125,683
684,1695639781825,0.38427734,-0.21710205,0.91571045,-3.03125,0.796875,-0.640625,684
685,1695639781865,0.40112305,-0.222229,0.92474365,0.375,1.609375,-1.078125,685
686,1695639781905,0.40527344,-0.23297119,0.9225464,0.0625,1.6875,-0.6875,686
687,1695639781945,0.39697266,-0.25494385,0.9335327,-1.875,0.734375,-0.25,687
688,1695639781985,0.40063477,-0.2522583,0.9257202,-4.09375,0.421875,0.09375,688
689,1695639782025,0.39013672,-0.2444458,0.9191284,-6.328125,0.953125,0.25,689
690,1695639782065,0.39697266,-0.22467041,0.9254761,-5.9375,1.625,0.234375,690
691,1695639782105,0.40527344,-0.21099854,0.9274292,-6.984375,1.125,-0.125,691
692,1695639782145,0.4116211,-0.18658447,0.9286499,-6.3125,1.609375,-0.21875,692
693,1695639782185,0.4086914,-0.18341064,0.93255615,-5.40625,0.171875,0.078125,693
694,1695639782225,0.39672852,-0.18170166,0.9213257,-5.40625,0.125,0.0625,694
695,1695639782265,0.3955078,-0.1765747,0.9310913,-1.015625,0.015625,-0.453125,695
696,1695639782305,0.3947754,-0.18634033,0.9154663,5.28125,0.625,-1.25,696
697,1695639782345,0.38916016,-0.18585205,0.9015503,10.75,1.8125,-1.640625,697
698,1695639782385,0.3942871,-0.20806885,0.9225464,17.296875,2.53125,-2.15625,698
699,1695639782425,0.39770508,-0.2546997,0.934021,18.234375,1.96875,-2.09375,699
700,1695639782465,0.39233398,-0.28668213,0.93304443,14.453125,1.234375,-1.75,700
701,1695639782505,0.4033203,-0.2888794,0.9286499,4.953125,2.09375,-1.140625,701
702,1695639782545,0.40405273,-0.28009033,0.92767334,1.078125,1.640625,-1.609375,702
703,1695639782585,0.39526367,-0.2732544,0.9059448,-0.046875,1.171875,-1.265625,703
704,1695639782625,0.3935547,-0.2637329,0.8944702,-0.28125,1.75,-0.453125,704
705,1695639782665,0.40771484,-0.25079346,0.9176636,-0.390625,2.546875,0.03125,705
706,1695639782705,0.39672852,-0.25933838,0.92181396,-0.6875,1.890625,-0.234375,706
707,1695639782745,0.3947754,-0.2666626,0.92230225,-0.328125,1.921875,-0.75,707
708,1695639782785,0.38256836,-0.27838135,0.918396,0.84375,1.46875,-1.59375,708
709,1695639782825,0.3876953,-0.29083252,0.9130249,1.640625,2.0625,-1.53125,709
710,1695639782865,0.39404297,-0.30108643,0.92889404,1.640625,2.125,-1.296875,710
711,1695639782905,0.40161133,-0.3098755,0.9281616,2.703125,1.796875,-1.171875,711
712,1695639782945,0.4025879,-0.30963135,0.93255615,1.0,2.78125,-0.234375,712
713,1695639782985,0.38916016,-0.2930298,0.91693115,-2.125,2.125,-0.015625,713
714,1695639783025,0.3803711,-0.27764893,0.9154663,-4.03125,1.25,-0.203125,714
715,1695639783065,0.38549805,-0.26519775,0.91448975,-3.65625,1.421875,-0.890625,715
716,1695639783105,0.38964844,-0.24957275,0.90496826,-2.953125,1.890625,-1.265625,716
717,1695639783145,0.40185547,-0.24761963,0.9164429,-1.03125,2.484375,-1.078125,717
718,1695639783185,0.3984375,-0.25909424,0.9118042,-0.859375,2.0625,-0.78125,718
719,1695639783225,0.40454102,-0.27520752,0.9137573,-0.90625,1.84375,-0.296875,719
720,1695639783265,0.3935547,-0.28326416,0.9137573,-1.140625,1.40625,-0.25,720
721,1695639783305,0.39819336,-0.27960205,0.916687,-1.0625,1.46875,-0.28125,721
722,1695639783345,0.39868164,-0.26885986,0.9203491,-2.703125,1.515625,-0.140625,722
723,1695639783385,0.39746094,-0.26055908,0.92059326,-2.484375,1.671875,0.0,723
724,1695639783425,0.39916992,-0.24908447,0.91448975,-3.109375,1.765625,0.109375,724
725,1695639783465,0.40063477,-0.24078369,0.92181396,-3.28125,1.9375,0.203125,725
726,1695639783505,0.40185547,-0.25030518,0.91619873,-1.765625,1.640625,-0.421875,726
727,1695639783545,0.3930664,-0.24053955,0.91448975,-2.40625,1.421875,-0.65625,727
728,1695639783585,0.4033203,-0.23687744,0.9098511,-1.15625,1.484375,-0.921875,728
729,1695639783625,0.40454102,-0.22955322,0.9032593,1.5,0.859375,-1.21875,729
730,1695639783665,0.40307617,-0.22393799,0.8954468,3.796875,1.09375,-1.1875,730
731,1695639783705,0.40014648,-0.24053955,0.90008545,7.0625,0.828125,-1.21875,731
732,1695639783745,0.40185547,-0.2703247,0.9227905,9.109375,1.546875,-1.359375,732
733,1695639783785,0.41088867,-0.284729,0.9232788,7.53125,1.46875,-0.625,733
734,1695639783825,0.41088867,-0.2859497,0.9191284,2.8125,1.6875,0.359375,734
735,1695639783865,0.39160156,-0.28546143,0.92767334,1.6875,0.578125,0.609375,735
736,1695639783905,0.3659668,-0.29327393,0.91619873,0.796875,-0.421875,-0.09375,736
737,1695639783945,0.3774414,-0.26641846,0.89715576,-1.15625,2.03125,-0.21875,737
738,1695639783985,0.40234375,-0.2617798,0.9059448,-1.015625,3.609375,-0.234375,738
739,1695639784025,0.40942383,-0.27105713,0.90667725,0.234375,3.15625,-0.765625,739
740,1695639784065,0.40600586,-0.2835083,0.91278076,1.46875,2.4375,-1.34375,740
741,1695639784105,0.40966797,-0.29278564,0.9100952,1.640625,1.484375,-1.375,741
742,1695639784145,0.40185547,-0.29840088,0.9135132,1.328125,0.5625,-1.3125,742
743,1695639784185,0.3972168,-0.29962158,0.91864014,1.3125,0.734375,-0.984375,743
744,1695639784225,0.40039062,-0.30010986,0.9213257,1.53125,0.9375,-0.78125,744
745,1695639784265,0.3881836,-0.30059814,0.9249878,1.15625,0.9375,-0.609375,745
746,1695639784305,0.3894043,-0.29473877,0.9237671,-0.953125,0.96875,-0.453125,746
747,1695639784345,0.37939453,-0.28155518,0.9113159,-2.09375,0.984375,-0.453125,747
748,1695639784385,0.37841797,-0.26934814,0.91204834,-2.953125,1.125,-0.5625,748
749,1695639784425,0.3815918,-0.26397705,0.9105835,-1.734375,1.671875,-0.5625,749
750,1695639784465,0.38256836,-0.26617432,0.91522217,-0.1875,1.671875,-0.9375,750
751,1695639784505,0.3942871,-0.27374268,0.9052124,-0.28125,2.109375,-0.96875,751
752,1695639784545,0.39819336,-0.28082275,0.9164429,0.046875,2.578125,-0.59375,752
753,1695639784585,0.39941406,-0.2769165,0.90911865,-0.359375,2.171875,-0.390625,753
754,1695639784625,0.40844727,-0.28570557,0.91156006,-1.28125,1.875,-0.046875,754
755,1695639784665,0.39770508,-0.2822876,0.9122925,-2.203125,1.453125,0.140625,755
756,1695639784705,0.39453125,-0.26812744,0.9088745,-2.953125,1.0,-0.125,756
757,1695639784745,0.3930664,-0.2588501,0.9081421,-3.109375,0.796875,-0.25,757
758,1695639784785,0.3942871,-0.25445557,0.914978,-2.796875,0.921875,-0.328125,758
759,1695639784825,0.39233398,-0.2564087,0.91156006,-1.5625,0.578125,-0.71875,759
760,1695639784865,0.3876953,-0.25079346,0.9142456,-1.9375,0.71875,-0.90625,760
761,1695639784905,0.38354492,-0.24932861,0.9142456,-1.375,0.953125,-0.796875,761
762,1695639784945,0.38549805,-0.25689697,0.91326904,1.109375,0.875,-1.328125,762
763,1695639784985,0.3894043,-0.24493408,0.901062,2.984375,1.375,-1.515625,763
764,1695639785025,0.3984375,-0.24957275,0.90008545,5.421875,2.140625,-1.5,764
765,1695639785065,0.4038086,-0.2695923,0.914978,7.078125,2.40625,-1.03125,765
766,1695639785105,0.40063477,-0.29693604,0.9159546,5.390625,1.828125,-0.5,766
767,1695639785145,0.4038086,-0.3008423,0.9237671,2.765625,0.375,-0.40625,767
768,1695639785185,0.39160156,-0.29522705,0.91741943,-0.234375,-0.375,-0.609375,768
769,1695639785225,0.38427734,-0.28741455,0.91522217,-1.46875,-0.203125,-0.734375,769
770,1695639785265,0.3762207,-0.27056885,0.91204834,-1.453125,0.265625,-0.734375,770
771,1695639785305,0.38427734,-0.26446533,0.9105835,-0.421875,1.25,-0.84375,771
772,1695639785345,0.37719727,-0.26983643,0.9179077,0.4375,1.265625,-0.90625,772
773,1695639785385,0.37670898,-0.28277588,0.9225464,0.828125,1.0625,-0.875,773
774,1695639785425,0.36791992,-0.30792236,0.93255615,1.859375,2.203125,-1.515625,774
775,1695639785465,0.38305664,-0.32183838,0.93743896,2.8125,2.59375,-2.203125,775
776,1695639785505,0.39941406,-0.32037354,0.930603,0.703125,2.890625,-2.171875,776
777,1695639785545,0.3918457,-0.29864502,0.9122925,-2.90625,1.015625,-1.65625,777
778,1695639785585,0.37890625,-0.284729,0.9118042,-4.828125,0.5,-0.953125,778
779,1695639785625,0.3659668,-0.2630005,0.91693115,-4.359375,0.640625,-0.5,779
780,1695639785665,0.3684082,-0.25177002,0.9257202,-1.53125,0.46875,-0.90625,780
781,1695639785705,0.36401367,-0.25299072,0.9135132,-0.78125,0.625,-0.8125,781
782,1695639785745,0.3647461,-0.2630005,0.91693115,-0.859375,1.328125,-0.1875,782
783,1695639785785,0.3671875,-0.2727661,0.90740967,-0.625,1.625,-0.0625,783
784,1695639785825,0.3635254,-0.27764893,0.92401123,-1.46875,2.6875,0.25,784
785,1695639785865,0.37573242,-0.27716064,0.92596436,-2.140625,2.9375,0.296875,785
786,1695639785905,0.38232422,-0.27642822,0.91986084,-3.453125,3.140625,0.328125,786
787,1695639785945,0.38378906,-0.25250244,0.9232788,-4.453125,2.890625,0.296875,787
788,1695639785985,0.39038086,-0.25006104,0.9208374,-3.890625,2.046875,-0.015625,788
789,1695639786025,0.39501953,-0.2390747,0.92523193,-5.078125,1.546875,0.125,789
790,1695639786065,0.39233398,-0.24005127,0.93548584,-6.625,0.9375,0.671875,790
791,1695639786105,0.39697266,-0.21954346,0.94451904,-9.875,-2.265625,1.25,791
792,1695639786145,0.38305664,-0.19390869,0.9359741,-9.28125,-4.171875,1.515625,792
793,1695639786185,0.37304688,-0.1951294,0.93865967,-5.5,-2.390625,1.53125,793
794,1695639786225,0.3503418,-0.18829346,0.9437866,-2.71875,-1.53125,1.3125,794
795,1695639786265,0.34985352,-0.19171143,0.9371948,-3.28125,-0.140625,0.4375,795
796,1695639786305,0.3557129,-0.190979,0.93963623,-1.96875,1.53125,-0.71875,796
