,timestamp,accel_x,accel_y,accel_z,gyro_x,gyro_y,gyro_z
0,1697605965,-0.2421875,-0.34179688,0.8183594,-0.34375,0.40625,0.1875
1,1697606005,-0.23925781,-0.35058594,0.8203125,0.21875,0.28125,0.0
2,1697606045,-0.24609375,-0.3623047,0.82128906,0.03125,-0.4375,0.1875
3,1697606085,-0.24804688,-0.3564453,0.81933594,-0.15625,0.15625,-0.1875
4,1697606125,-0.24804688,-0.3564453,0.83496094,-0.15625,-0.15625,-0.4375
5,1697606165,-0.2421875,-0.35546875,0.8105469,-0.03125,-0.09375,-0.3125
6,1697606205,-0.24316406,-0.34960938,0.8251953,-0.03125,-0.1875,-0.25
7,1697606245,-0.24316406,-0.35058594,0.83203125,0.03125,0.03125,0.0
8,1697606285,-0.23828125,-0.3466797,0.8203125,0.15625,-0.3125,-0.1875
9,1697606325,-0.24316406,-0.34765625,0.82128906,0.25,0.09375,-0.125
10,1697606365,-0.23730469,-0.35351562,0.8330078,0.09375,-0.1875,-0.375
11,1697606405,-0.23535156,-0.35546875,0.81152344,0.21875,0.03125,-0.375
12,1697606445,-0.24316406,-0.35058594,0.8125,-0.21875,-0.15625,-0.375
13,1697606485,-0.24804688,-0.34179688,0.8203125,0.03125,-0.3125,-0.375
14,1697606525,-0.24023438,-0.35351562,0.8232422,0.15625,-0.03125,-0.125
15,1697606565,-0.25097656,-0.35742188,0.828125,0.03125,-0.03125,0.1875
16,1697606605,-0.23242188,-0.35546875,0.81933594,0.03125,0.15625,0.0
17,1697606645,-0.23925781,-0.3544922,0.8300781,0.03125,-0.15625,-0.125
18,1697606685,-0.24609375,-0.34472656,0.8144531,0.03125,-0.03125,-0.0625
19,1697606725,-0.23925781,-0.35742188,0.81933594,0.15625,-0.1875,-0.3125
20,1697606765,-0.24707031,-0.34765625,0.82910156,-0.03125,-0.3125,-0.71875
21,1697606805,-0.23535156,-0.34765625,0.8232422,0.09375,-0.3125,-0.46875
22,1697606845,-0.24414062,-0.34765625,0.8232422,-0.21875,-0.15625,-0.1875
23,1697606885,-0.24511719,-0.34765625,0.82910156,0.25,-0.1875,-0.125
24,1697606925,-0.234375,-0.3486328,0.8330078,0.15625,-0.3125,0.0
25,1697606965,-0.23632812,-0.35253906,0.82128906,-0.09375,-0.09375,-0.1875
26,1697607005,-0.23828125,-0.3515625,0.8251953,0.25,-0.1875,-0.4375
27,1697607045,-0.24414062,-0.359375,0.8300781,-0.15625,0.03125,-0.3125
28,1697607085,-0.23925781,-0.35058594,0.82714844,0.09375,-0.1875,-0.25
29,1697607125,-0.24121094,-0.35253906,0.8261719,0.03125,-0.1875,-0.25
30,1697607165,-0.23828125,-0.34472656,0.81640625,0.03125,-0.1875,-0.125
31,1697607205,-0.24414062,-0.34375,0.8388672,0.21875,-0.09375,-0.125
32,1697607245,-0.24316406,-0.35058594,0.8173828,-0.34375,0.40625,0.125
33,1697607285,-0.24609375,-0.34570312,0.83691406,0.3125,-0.15625,0.0625
34,1697607325,-0.2421875,-0.3564453,0.8261719,0.3125,-0.15625,-0.0625
35,1697607365,-0.24511719,-0.35546875,0.8330078,0.21875,-0.25,-0.125
36,1697607405,-0.23242188,-0.35253906,0.8144531,-0.15625,0.09375,-0.4375
37,1697607445,-0.23339844,-0.35546875,0.8261719,-0.21875,-0.03125,-0.46875
38,1697607485,-0.23242188,-0.3486328,0.8330078,0.09375,-0.03125,-0.0625
39,1697607525,-0.2265625,-0.36132812,0.8203125,-0.03125,-0.375,-0.0625
40,1697607565,-0.24121094,-0.3408203,0.82128906,0.15625,-0.09375,-0.125
41,1697607605,-0.24121094,-0.34960938,0.82421875,0.25,-0.4375,-0.125
42,1697607645,-0.23632812,-0.3564453,0.8300781,-0.09375,0.09375,-0.46875
43,1697607685,-0.23828125,-0.3466797,0.8173828,0.09375,-0.09375,-0.4375
44,1697607725,-0.23828125,-0.35351562,0.8173828,0.15625,-0.1875,-0.1875
45,1697607765,-0.23535156,-0.34765625,0.8339844,0.09375,-0.3125,0.0
46,1697607805,-0.24316406,-0.3564453,0.8388672,0.25,-0.15625,-0.0625
47,1697607845,-0.24902344,-0.34765625,0.82714844,0.03125,0.09375,-0.125
48,1697607885,-0.23828125,-0.35351562,0.8222656,-0.28125,-0.15625,-0.25
49,1697607925,-0.23925781,-0.3466797,0.8232422,0.03125,0.21875,-0.0625
50,1697607965,-0.234375,-0.35253906,0.8232422,0.03125,-0.25,0.0625
51,1697608005,-0.23925781,-0.34472656,0.8203125,-0.09375,0.03125,-0.0625
52,1697608045,-0.23925781,-0.35253906,0.8251953,0.15625,-0.09375,-0.25
53,1697608085,-0.23925781,-0.34375,0.8144531,-0.40625,-0.03125,-0.1875
54,1697608125,-0.2421875,-0.34765625,0.82910156,0.03125,-0.03125,-0.125
55,1697608165,-0.23242188,-0.3515625,0.8144531,-0.03125,-0.3125,-0.125
56,1697608205,-0.2421875,-0.34375,0.8173828,-0.46875,-0.03125,-0.1875
57,1697608245,-0.23730469,-0.34960938,0.8154297,0.09375,-0.25,0.0
58,1697608285,-0.24316406,-0.35839844,0.8310547,-0.03125,-0.1875,-0.125
59,1697608325,-0.24121094,-0.35058594,0.8378906,-0.15625,-0.15625,-0.0625
60,1697608365,-0.23632812,-0.35058594,0.8154297,0.09375,-0.09375,-0.25
61,1697608405,-0.24023438,-0.35058594,0.82910156,-0.21875,-0.09375,-0.125
62,1697608445,-0.24121094,-0.34375,0.8339844,0.21875,-0.1875,0.0
63,1697608485,-0.23632812,-0.3564453,0.828125,-0.15625,-0.25,-0.25
64,1697608525,-0.24023438,-0.3466797,0.8183594,0.21875,-0.03125,0.0625
65,1697608565,-0.23828125,-0.34179688,0.83203125,0.03125,-0.15625,-0.0625
66,1697608605,-0.24316406,-0.35058594,0.82714844,-0.15625,-0.03125,-0.0625
67,1697608645,-0.24414062,-0.35253906,0.8154297,0.09375,0.21875,-0.25
68,1697608685,-0.24023438,-0.35839844,0.82128906,-0.15625,-0.375,0.1875
69,1697608725,-0.24316406,-0.3515625,0.8261719,0.5,-0.03125,0.25
70,1697608765,-0.23828125,-0.34960938,0.8203125,-0.46875,0.21875,-0.0625
71,1697608805,-0.23730469,-0.34570312,0.81640625,0.625,0.34375,0.1875
72,1697608845,-0.23730469,-0.35351562,0.81152344,-0.03125,-0.25,-0.25
73,1697608885,-0.24414062,-0.359375,0.8339844,-0.09375,0.03125,-0.1875
74,1697608925,-0.24609375,-0.35839844,0.8105469,0.15625,-0.25,-0.25
75,1697608965,-0.23828125,-0.3564453,0.8222656,-0.21875,-0.09375,-0.1875
76,1697609005,-0.24023438,-0.3544922,0.81347656,-0.03125,-0.15625,-0.125
77,1697609045,-0.234375,-0.3544922,0.8261719,-0.03125,-0.15625,0.0625
78,1697609085,-0.24023438,-0.35351562,0.81347656,-0.09375,0.21875,-0.0625
79,1697609125,-0.23242188,-0.3564453,0.8310547,0.21875,-0.25,-0.1875
80,1697609165,-0.234375,-0.34960938,0.8144531,-0.09375,-0.03125,-0.1875
81,1697609205,-0.23828125,-0.3486328,0.8222656,-0.03125,-0.25,-0.3125
82,1697609245,-0.24023438,-0.35546875,0.8105469,0.03125,-0.09375,-0.125
83,1697609285,-0.234375,-0.34960938,0.8310547,0.09375,-0.15625,-0.0625
84,1697609325,-0.24023438,-0.35351562,0.82910156,0.03125,-0.09375,-0.125
85,1697609365,-0.22949219,-0.35253906,0.8232422,-0.15625,-0.09375,0.0
86,1697609405,-0.24121094,-0.35058594,0.8310547,0.3125,-0.375,-0.1875
87,1697609445,-0.23925781,-0.34765625,0.83203125,-0.46875,0.03125,-0.125
88,1697609485,-0.23828125,-0.3544922,0.8154297,0.4375,-0.625,-0.0625
89,1697609525,-0.24609375,-0.35351562,0.82421875,-0.21875,0.28125,0.0
90,1697609565,-0.24414062,-0.34765625,0.81152344,-0.21875,-0.15625,0.125
91,1697609605,-0.23632812,-0.3515625,0.828125,0.5625,0.03125,0.375
92,1697609645,-0.24023438,-0.3466797,0.8232422,-0.21875,-0.03125,-0.25
93,1697609685,-0.23925781,-0.35058594,0.82714844,0.03125,-0.09375,-0.3125
94,1697609725,-0.23925781,-0.359375,0.8359375,0.15625,-0.03125,-0.3125
95,1697609765,-0.23730469,-0.3408203,0.8330078,-0.34375,-0.09375,-0.46875
96,1697609805,-0.23339844,-0.35058594,0.8251953,-0.03125,0.09375,-0.1875
97,1697609845,-0.23730469,-0.3515625,0.8251953,0.375,-0.4375,0.1875
98,1697609885,-0.23828125,-0.3544922,0.8310547,-0.15625,-0.15625,0.0
99,1697609925,-0.24511719,-0.3564453,0.8378906,0.375,-0.03125,-0.125
100,1697609965,-0.24023438,-0.3544922,0.8251953,-0.09375,-0.09375,-0.375
101,1697610005,-0.23828125,-0.34765625,0.81640625,0.09375,0.15625,-0.375
102,1697610045,-0.23925781,-0.3486328,0.8261719,-0.09375,-0.15625,-0.0625
103,1697610085,-0.23339844,-0.35253906,0.8251953,0.25,-0.4375,0.0625
104,1697610125,-0.23828125,-0.35058594,0.8261719,0.03125,-0.25,-0.125
105,1697610165,-0.24316406,-0.34960938,0.8378906,-0.09375,-0.1875,-0.0625
106,1697610205,-0.23925781,-0.35839844,0.8232422,-0.09375,-0.09375,0.0
107,1697610245,-0.24511719,-0.35253906,0.82910156,-0.03125,-0.03125,-0.0625
108,1697610285,-0.234375,-0.35058594,0.8232422,0.09375,-0.1875,-0.0625
109,1697610325,-0.23925781,-0.3515625,0.82910156,0.03125,0.15625,-0.0625
110,1697610365,-0.23535156,-0.34765625,0.8203125,-0.03125,0.09375,-0.0625
111,1697610405,-0.23242188,-0.34765625,0.8251953,0.25,0.53125,0.25
112,1697610445,-0.24316406,-0.34960938,0.81933594,-0.15625,-0.375,-0.125
113,1697610485,-0.24804688,-0.35058594,0.82910156,0.15625,0.09375,0.0
114,1697610525,-0.24511719,-0.35058594,0.82128906,-0.03125,-0.4375,-0.1875
115,1697610565,-0.23828125,-0.35058594,0.8154297,-0.09375,-0.09375,-0.3125
116,1697610605,-0.234375,-0.3466797,0.8203125,-0.03125,-0.25,-0.125
117,1697610645,-0.23144531,-0.35351562,0.81933594,0.03125,-0.15625,0.1875
118,1697610685,-0.24707031,-0.3564453,0.81933594,-0.15625,0.09375,0.125
119,1697610725,-0.22753906,-0.3466797,0.8173828,0.03125,-0.03125,0.3125
120,1697610765,-0.23339844,-0.34960938,0.8173828,0.15625,-0.15625,0.125
121,1697610805,-0.24511719,-0.3515625,0.82714844,-0.34375,0.09375,0.0
122,1697610845,-0.24023438,-0.3466797,0.8378906,0.15625,-0.09375,0.0625
123,1697610885,-0.23828125,-0.34570312,0.8222656,0.25,0.03125,-0.125
124,1697610925,-0.23925781,-0.36035156,0.81933594,-0.46875,-0.03125,-0.125
125,1697610965,-0.24121094,-0.3564453,0.81933594,0.3125,-0.03125,-0.125
126,1697611005,-0.23632812,-0.35351562,0.83496094,0.03125,0.03125,0.0
127,1697611045,-0.24121094,-0.34570312,0.8203125,-0.59375,0.15625,0.0
128,1697611085,-0.24121094,-0.35546875,0.8203125,0.21875,-0.1875,0.0
129,1697611125,-0.24414062,-0.35351562,0.8310547,0.03125,-0.03125,0.1875
130,1697611165,-0.24316406,-0.34765625,0.81347656,-0.78125,0.53125,-0.0625
131,1697611205,-0.24511719,-0.3515625,0.82421875,0.3125,0.09375,0.1875
132,1697611245,-0.23144531,-0.3486328,0.82910156,-0.34375,-0.09375,0.0
133,1697611285,-0.24121094,-0.3486328,0.82128906,0.09375,0.09375,0.0
134,1697611325,-0.24121094,-0.36132812,0.81347656,-0.03125,-0.4375,-0.125
135,1697611365,-0.2421875,-0.34765625,0.8310547,-0.34375,-0.15625,-0.1875
136,1697611405,-0.24609375,-0.3564453,0.83203125,-0.34375,-0.15625,-0.0625
137,1697611445,-0.23144531,-0.3564453,0.8310547,-0.09375,-0.25,-0.0625
138,1697611485,-0.23730469,-0.35351562,0.8310547,-0.03125,-0.09375,-0.25
139,1697611525,-0.24316406,-0.34570312,0.82128906,0.03125,-0.09375,-0.25
140,1697611565,-0.24023438,-0.3544922,0.8251953,0.03125,0.15625,-0.1875
141,1697611605,-0.24316406,-0.34570312,0.8378906,-0.09375,0.21875,-0.1875
142,1697611645,-0.24121094,-0.3486328,0.8222656,-0.09375,-0.09375,-0.1875
143,1697611685,-0.24414062,-0.34765625,0.82910156,0.09375,0.09375,-0.125
144,1697611725,-0.24511719,-0.3544922,0.8300781,0.15625,-0.25,0.125
145,1697611765,-0.23730469,-0.35253906,0.8144531,-0.09375,-0.03125,-0.0625
146,1697611805,-0.23535156,-0.35058594,0.8408203,-0.03125,-0.1875,-0.125
147,1697611845,-0.23925781,-0.359375,0.8222656,0.03125,0.15625,-0.0625
148,1697611885,-0.24414062,-0.3486328,0.8183594,-0.46875,0.09375,0.125
149,1697611925,-0.234375,-0.35839844,0.8203125,0.25,0.03125,0.125
150,1697611965,-0.23925781,-0.35546875,0.8261719,-0.34375,-0.09375,-0.125
151,1697612005,-0.24316406,-0.3466797,0.8339844,-0.03125,-0.1875,-0.375
152,1697612045,-0.24414062,-0.34960938,0.8144531,0.09375,-0.03125,-0.46875
153,1697612085,-0.24121094,-0.35546875,0.8203125,-0.21875,0.09375,-0.4375
154,1697612125,-0.23730469,-0.34765625,0.83496094,-0.03125,-0.1875,-0.1875
155,1697612165,-0.234375,-0.35058594,0.828125,-0.03125,-0.1875,0.1875
156,1697612205,-0.25390625,-0.34375,0.81640625,0.09375,-0.3125,0.25
157,1697612245,-0.2421875,-0.34765625,0.8203125,0.21875,-0.3125,-0.1875
158,1697612285,-0.24121094,-0.359375,0.83496094,-0.03125,-0.1875,-0.0625
159,1697612325,-0.23828125,-0.35058594,0.8339844,0.03125,0.28125,-0.3125
160,1697612365,-0.23632812,-0.3544922,0.82714844,-0.15625,-0.15625,-0.1875
161,1697612405,-0.23144531,-0.35742188,0.81347656,0.09375,0.15625,0.0625
162,1697612445,-0.234375,-0.3564453,0.81152344,0.21875,-0.15625,0.0625
163,1697612485,-0.25195312,-0.3564453,0.8310547,-0.09375,-0.3125,0.0625
164,1697612525,-0.24121094,-0.36035156,0.82714844,0.15625,0.28125,0.125
165,1697612565,-0.23144531,-0.359375,0.8339844,-0.28125,0.09375,0.0
166,1697612605,-0.23535156,-0.3486328,0.82714844,0.15625,0.34375,0.0
167,1697612645,-0.23925781,-0.35546875,0.8310547,0.09375,-0.1875,0.125
168,1697612685,-0.23828125,-0.34960938,0.8330078,0.03125,-0.09375,-0.125
169,1697612725,-0.25097656,-0.35546875,0.82128906,-0.28125,-0.15625,-0.125
170,1697612765,-0.25,-0.34765625,0.8251953,-0.28125,-0.15625,-0.4375
171,1697612805,-0.24316406,-0.35546875,0.8251953,0.21875,-0.1875,-0.375
172,1697612845,-0.23632812,-0.35351562,0.8095703,-0.34375,-0.25,-0.0625
173,1697612885,-0.24023438,-0.35253906,0.81347656,0.375,-0.1875,-0.125
174,1697612925,-0.24023438,-0.3544922,0.8251953,0.21875,-0.3125,-0.25
175,1697612965,-0.23632812,-0.3515625,0.828125,0.03125,0.03125,-0.4375
176,1697613005,-0.24609375,-0.3564453,0.8173828,0.15625,-0.3125,-0.125
177,1697613045,-0.2421875,-0.35839844,0.8251953,0.09375,-0.15625,-0.1875
178,1697613085,-0.23828125,-0.35546875,0.8222656,0.03125,-0.25,-0.25
179,1697613125,-0.23632812,-0.35351562,0.8105469,-0.03125,-0.15625,-0.125
180,1697613165,-0.24902344,-0.35742188,0.8154297,0.09375,-0.1875,-0.3125
181,1697613205,-0.24414062,-0.35742188,0.8261719,0.03125,0.21875,-0.25
182,1697613245,-0.24023438,-0.3564453,0.8125,-0.21875,-0.03125,0.0
183,1697613285,-0.24707031,-0.35742188,0.82714844,0.5625,0.15625,0.0625
184,1697613325,-0.23828125,-0.35351562,0.82421875,0.03125,-0.3125,-0.0625
185,1697613365,-0.24023438,-0.34765625,0.81933594,0.03125,0.03125,-0.1875
186,1697613405,-0.24414062,-0.3515625,0.828125,0.25,-0.15625,-0.1875
187,1697613445,-0.23632812,-0.34960938,0.8144531,-0.03125,-0.375,-0.4375
188,1697613485,-0.23828125,-0.3544922,0.8144531,-0.03125,-0.3125,-0.125
189,1697613525,-0.24121094,-0.35058594,0.81933594,0.15625,-0.15625,0.0
190,1697613565,-0.23828125,-0.34570312,0.82421875,0.3125,-0.1875,0.25
191,1697613605,-0.24316406,-0.35253906,0.8154297,0.03125,0.03125,-0.125
192,1697613645,-0.24121094,-0.34960938,0.828125,0.21875,0.03125,-0.1875
193,1697613685,-0.2421875,-0.34570312,0.8154297,0.3125,0.03125,-0.0625
194,1697613725,-0.24121094,-0.34472656,0.8203125,-0.03125,0.03125,-0.375
195,1697613765,-0.24023438,-0.34375,0.82714844,0.09375,-0.03125,-0.25
196,1697613805,-0.23242188,-0.35351562,0.8261719,0.25,-0.1875,-0.1875
197,1697613845,-0.23632812,-0.35742188,0.8251953,-0.09375,-0.15625,-0.0625
198,1697613885,-0.23632812,-0.35351562,0.8173828,0.03125,-0.15625,-0.25
199,1697613925,-0.24316406,-0.35351562,0.82128906,0.21875,-0.03125,0.0625
200,1697613965,-0.24609375,-0.34570312,0.8232422,-0.40625,0.34375,-0.1875
201,1697614005,-0.24414062,-0.3544922,0.8378906,0.4375,-0.09375,-0.125
202,1697614045,-0.24902344,-0.3515625,0.8330078,-0.15625,-0.1875,-0.25
203,1697614085,-0.24804688,-0.35546875,0.8339844,-0.03125,-0.3125,-0.0625
204,1697614125,-0.24121094,-0.3486328,0.8203125,0.09375,-0.15625,-0.3125
205,1697614165,-0.2421875,-0.35058594,0.82128906,-0.28125,-0.03125,-0.46875
206,1697614205,-0.24707031,-0.35351562,0.8339844,-0.03125,-0.09375,-0.3125
207,1697614245,-0.23632812,-0.34570312,0.82421875,-0.09375,-0.25,-0.125
208,1697614285,-0.234375,-0.3515625,0.8066406,0.15625,-0.3125,-0.1875
209,1697614325,-0.24414062,-0.35253906,0.82421875,-0.03125,-0.15625,0.0
210,1697614365,-0.23828125,-0.34960938,0.80566406,-0.15625,-0.15625,-0.25
211,1697614405,-0.24023438,-0.35253906,0.828125,-0.03125,-0.1875,-0.125
212,1697614445,-0.23242188,-0.34277344,0.8154297,-0.03125,-0.25,-0.125
213,1697614485,-0.24316406,-0.35253906,0.83203125,0.25,-0.3125,0.0
214,1697614525,-0.24511719,-0.35839844,0.82714844,-0.09375,-0.1875,-0.125
215,1697614565,-0.234375,-0.3486328,0.8222656,-0.03125,-0.15625,-0.1875
216,1697614605,-0.24023438,-0.3564453,0.8232422,-0.03125,0.09375,-0.1875
217,1697614645,-0.234375,-0.35839844,0.82714844,0.25,0.03125,0.125
218,1697614685,-0.23535156,-0.35546875,0.81933594,-0.15625,0.21875,-0.0625
219,1697614725,-0.23242188,-0.35253906,0.83203125,0.4375,0.15625,0.0625
220,1697614765,-0.24121094,-0.3515625,0.8232422,-0.03125,-0.3125,-0.25
221,1697614805,-0.23632812,-0.35253906,0.828125,-0.03125,-0.3125,-0.375
222,1697614845,-0.23730469,-0.3515625,0.81640625,0.09375,-0.25,-0.25
223,1697614885,-0.24316406,-0.34375,0.8154297,-0.28125,-0.09375,-0.375
224,1697614925,-0.23730469,-0.35058594,0.8310547,0.03125,-0.09375,-0.0625
225,1697614965,-0.24316406,-0.3623047,0.81640625,0.03125,-0.15625,0.125
226,1697615005,-0.23828125,-0.35839844,0.82128906,0.03125,0.03125,-0.0625
227,1697615045,-0.2421875,-0.35546875,0.8222656,0.03125,-0.09375,-0.25
228,1697615085,-0.23925781,-0.3544922,0.8251953,0.09375,-0.15625,-0.3125
229,1697615125,-0.24316406,-0.34960938,0.82128906,-0.15625,0.15625,-0.3125
230,1697615165,-0.23730469,-0.34960938,0.8222656,-0.03125,-0.09375,-0.3125
231,1697615205,-0.234375,-0.3515625,0.8125,0.03125,-0.09375,-0.0625
232,1697615245,-0.24414062,-0.34960938,0.8232422,0.03125,-0.1875,-0.25
233,1697615285,-0.22851562,-0.34960938,0.8261719,0.09375,-0.09375,-0.125
234,1697615325,-0.24511719,-0.359375,0.83496094,-0.03125,-0.1875,-0.0625
235,1697615365,-0.24121094,-0.34765625,0.8261719,-0.09375,-0.25,-0.125
236,1697615405,-0.23730469,-0.3466797,0.82714844,0.3125,0.09375,0.0625
237,1697615445,-0.23535156,-0.34960938,0.8222656,-0.15625,-0.09375,0.0
238,1697615485,-0.24707031,-0.34960938,0.81640625,0.09375,0.15625,0.0
239,1697615525,-0.23632812,-0.35058594,0.8310547,0.03125,-0.3125,-0.0625
240,1697615565,-0.25,-0.36132812,0.8251953,-0.03125,-0.1875,0.0
241,1697615605,-0.24316406,-0.34960938,0.8261719,0.03125,-0.09375,-0.3125
242,1697615645,-0.234375,-0.35058594,0.828125,-0.28125,-0.15625,-0.3125
243,1697615685,-0.23242188,-0.35058594,0.82910156,-0.21875,-0.1875,-0.0625
244,1697615725,-0.24023438,-0.35351562,0.8232422,0.03125,-0.25,0.125
245,1697615765,-0.23242188,-0.3486328,0.83203125,-0.09375,-0.03125,-0.125
246,1697615805,-0.23730469,-0.34472656,0.8378906,0.03125,-0.09375,-0.0625
247,1697615845,-0.24414062,-0.34960938,0.82910156,-0.0625,-0.125,-0.125
248,1697615885,-0.23046875,-0.35253906,0.8310547,-0.1875,0.0625,-0.0625
249,1697615925,-0.23925781,-0.3544922,0.83691406,-0.0625,-0.0625,-0.125
250,1697615965,-0.23925781,-0.3486328,0.8222656,0.0625,-0.0625,-0.25
251,1697616005,-0.24609375,-0.3466797,0.828125,-0.1875,-0.1875,-0.125
252,1697616045,-0.23144531,-0.35253906,0.82128906,0.25,-0.0625,0.0625
253,1697616085,-0.24511719,-0.35351562,0.82910156,-0.125,-0.0625,0.125
254,1697616125,-0.23828125,-0.34765625,0.83984375,-0.0625,-0.125,0.0625
255,1697616165,-0.24902344,-0.35253906,0.8261719,0.25,0.1875,0.0625
256,1697616205,-0.23828125,-0.35058594,0.8310547,-0.40625,0.25,-0.0625
257,1697616245,-0.23535156,-0.33984375,0.8144531,0.625,0.0625,0.28125
258,1697616285,-0.23828125,-0.3564453,0.828125,-0.125,-0.1875,0.21875
259,1697616325,-0.23046875,-0.35546875,0.81640625,-0.0625,0.0,-0.0625
260,1697616365,-0.24023438,-0.35546875,0.83984375,-0.125,-0.0625,-0.25
261,1697616405,-0.234375,-0.35253906,0.8203125,-0.28125,0.1875,-0.25
262,1697616445,-0.23144531,-0.3486328,0.8310547,-0.0625,-0.125,0.125
263,1697616485,-0.24121094,-0.3544922,0.8183594,0.125,-0.125,0.21875
264,1697616525,-0.23535156,-0.33984375,0.8173828,-0.21875,-0.1875,0.125
265,1697616565,-0.23828125,-0.35058594,0.8183594,0.25,0.0,0.0625
266,1697616605,-0.24511719,-0.3564453,0.8310547,0.0,0.0625,-0.125
267,1697616645,-0.25097656,-0.35253906,0.8339844,-0.28125,0.125,-0.3125
268,1697616685,-0.23925781,-0.35546875,0.81347656,0.125,-0.1875,0.0
269,1697616725,-0.24414062,-0.35742188,0.81347656,-0.0625,-0.125,0.0625
270,1697616765,-0.23632812,-0.34960938,0.828125,-0.1875,-0.1875,0.0
271,1697616805,-0.24804688,-0.35351562,0.82910156,0.0,-0.0625,0.125
272,1697616845,-0.25195312,-0.34960938,0.8330078,-0.125,0.0,0.0625
273,1697616885,-0.23535156,-0.35742188,0.8125,0.125,0.0625,0.125
274,1697616925,-0.24414062,-0.35546875,0.81933594,0.0,0.1875,0.15625
275,1697616965,-0.23828125,-0.34765625,0.8232422,-0.125,0.3125,0.0625
276,1697617005,-0.24511719,-0.3466797,0.8232422,0.0625,0.375,0.34375
277,1697617045,-0.23144531,-0.3564453,0.8203125,-0.0625,0.0,0.15625
278,1697617085,-0.24023438,-0.3486328,0.8310547,-0.1875,0.1875,0.28125
279,1697617125,-0.23535156,-0.3544922,0.8125,-0.125,-0.125,-0.0625
280,1697617165,-0.23730469,-0.34765625,0.8232422,-0.28125,0.1875,0.0
281,1697617205,-0.23535156,-0.35351562,0.81933594,-0.125,-0.1875,0.125
282,1697617245,-0.24121094,-0.3515625,0.8203125,0.125,0.1875,0.34375
283,1697617285,-0.24316406,-0.35546875,0.8300781,-0.0625,0.1875,0.125
284,1697617325,-0.24023438,-0.3564453,0.8222656,-0.0625,0.0625,-0.125
285,1697617365,-0.24121094,-0.3515625,0.8222656,0.0,0.0625,0.0
286,1697617405,-0.24414062,-0.3515625,0.8173828,-0.125,0.0,0.0625
287,1697617445,-0.23339844,-0.359375,0.8203125,0.0625,0.125,0.0625
288,1697617485,-0.23730469,-0.35058594,0.8300781,-0.0625,-0.0625,0.15625
289,1697617525,-0.23339844,-0.359375,0.81933594,0.0,0.0625,0.15625
290,1697617565,-0.23339844,-0.3564453,0.8232422,-0.21875,0.125,0.125
291,1697617605,-0.23535156,-0.3408203,0.82910156,0.0,-0.125,0.0625
292,1697617645,-0.25195312,-0.34765625,0.8251953,0.0,-0.0625,0.28125
293,1697617685,-0.24609375,-0.3515625,0.82128906,-0.46875,0.46875,0.0625
294,1697617725,-0.23925781,-0.35351562,0.82421875,-0.0625,0.125,0.15625
295,1697617765,-0.2421875,-0.35253906,0.8261719,-0.0625,0.0625,0.0
296,1697617805,-0.2421875,-0.35253906,0.8232422,-0.125,0.0625,0.0625
297,1697617845,-0.23828125,-0.34765625,0.8232422,0.0,0.0625,-0.125
298,1697617885,-0.24023438,-0.35351562,0.83203125,-0.125,0.0,-0.25
299,1697617925,-0.24316406,-0.35253906,0.8261719,-0.1875,0.0,-0.125
300,1697617965,-0.2421875,-0.35546875,0.82421875,0.0,0.0,0.0625
301,1697618005,-0.24316406,-0.3515625,0.8261719,-0.1875,-0.125,0.0625
302,1697618045,-0.24316406,-0.34277344,0.82714844,-0.0625,-0.1875,-0.125
303,1697618085,-0.24414062,-0.3515625,0.8339844,0.0,0.1875,0.0
304,1697618125,-0.25195312,-0.3486328,0.8251953,-0.21875,-0.125,-0.0625
305,1697618165,-0.24023438,-0.3515625,0.8183594,-0.0625,0.0625,-0.0625
306,1697618205,-0.2421875,-0.3544922,0.8417969,-0.125,-0.0625,0.125
307,1697618245,-0.23925781,-0.3564453,0.82128906,0.0,-0.25,0.15625
308,1697618285,-0.24707031,-0.34765625,0.8310547,-0.21875,-0.0625,-0.1875
309,1697618325,-0.24707031,-0.359375,0.8076172,0.0,0.1875,0.15625
310,1697618365,-0.24023438,-0.3486328,0.8105469,-0.40625,0.25,0.28125
311,1697618405,-0.2421875,-0.3466797,0.828125,0.25,0.46875,0.15625
312,1697618445,-0.2421875,-0.3642578,0.80859375,-0.1875,-0.25,0.0625
313,1697618485,-0.24414062,-0.35253906,0.8339844,0.1875,0.21875,0.15625
314,1697618525,-0.24121094,-0.35351562,0.828125,-0.0625,-0.125,-0.3125
315,1697618565,-0.23828125,-0.35351562,0.8125,0.0625,0.125,-0.21875
316,1697618605,-0.24121094,-0.359375,0.8173828,0.0,-0.125,-0.09375
317,1697618645,-0.23339844,-0.3564453,0.83496094,0.125,0.0,0.09375
318,1697618685,-0.24121094,-0.35253906,0.8105469,0.0,-0.0625,-0.09375
319,1697618725,-0.24511719,-0.35839844,0.8232422,0.25,0.0625,-0.15625
320,1697618765,-0.24316406,-0.3515625,0.81640625,0.0625,-0.1875,-0.25
321,1697618805,-0.24023438,-0.35839844,0.82714844,-0.1875,-0.125,-0.21875
322,1697618845,-0.24414062,-0.3564453,0.8173828,0.1875,-0.125,-0.09375
323,1697618885,-0.23828125,-0.3486328,0.82128906,0.1875,-0.25,0.03125
324,1697618925,-0.23730469,-0.34570312,0.82714844,-0.25,-0.1875,-0.25
325,1697618965,-0.22949219,-0.36035156,0.8251953,0.3125,0.0625,-0.09375
326,1697619005,-0.23632812,-0.3642578,0.81640625,-0.0625,-0.125,0.21875
327,1697619045,-0.24609375,-0.3486328,0.8232422,0.25,0.28125,0.15625
328,1697619085,-0.24121094,-0.3544922,0.8310547,0.25,-0.0625,0.21875
329,1697619125,-0.24511719,-0.34765625,0.8232422,0.1875,0.0,0.15625
330,1697619165,-0.2421875,-0.35546875,0.8203125,0.0,-0.0625,-0.21875
331,1697619205,-0.23535156,-0.35058594,0.8222656,-0.1875,0.0,-0.3125
332,1697619245,-0.24707031,-0.3466797,0.83203125,0.375,-0.3125,0.03125
333,1697619285,-0.24121094,-0.3515625,0.8144531,-0.3125,-0.25,-0.03125
334,1697619325,-0.24121094,-0.35253906,0.83496094,0.375,-0.3125,-0.03125
335,1697619365,-0.2421875,-0.35351562,0.8300781,0.25,-0.1875,-0.09375
336,1697619405,-0.2421875,-0.35546875,0.8222656,-0.3125,-0.125,-0.4375
337,1697619445,-0.24414062,-0.34960938,0.8203125,0.25,-0.1875,-0.15625
338,1697619485,-0.23535156,-0.35253906,0.82714844,0.125,-0.1875,-0.03125
339,1697619525,-0.2421875,-0.35253906,0.8232422,0.0625,-0.125,-0.09375
340,1697619565,-0.24316406,-0.34960938,0.82128906,0.1875,-0.1875,-0.15625
341,1697619605,-0.24023438,-0.34960938,0.8173828,-0.125,-0.1875,-0.375
342,1697619645,-0.24316406,-0.3564453,0.8300781,0.1875,-0.0625,-0.21875
343,1697619685,-0.2421875,-0.34570312,0.8222656,-0.1875,-0.0625,-0.3125
344,1697619725,-0.2421875,-0.3486328,0.8173828,0.4375,0.0,-0.15625
345,1697619765,-0.23925781,-0.3515625,0.80859375,-0.1875,-0.25,-0.09375
346,1697619805,-0.24316406,-0.359375,0.828125,0.125,0.0,-0.15625
347,1697619845,-0.23828125,-0.34570312,0.8261719,0.0,-0.1875,-0.5
348,1697619885,-0.24511719,-0.35351562,0.83203125,0.0625,-0.1875,-0.25
349,1697619925,-0.24023438,-0.35253906,0.83203125,0.0625,-0.1875,-0.09375
350,1697619965,-0.24609375,-0.34960938,0.8310547,0.125,0.125,0.03125
351,1697620005,-0.23242188,-0.35058594,0.81347656,0.0,-0.25,-0.09375
352,1697620045,-0.24121094,-0.35058594,0.80566406,0.0625,-0.125,-0.03125
353,1697620085,-0.24121094,-0.35058594,0.8222656,0.0,-0.0625,-0.21875
354,1697620125,-0.24023438,-0.35351562,0.8251953,-0.125,-0.0625,-0.3125
355,1697620165,-0.2421875,-0.3486328,0.8486328,0.375,-0.125,-0.03125
356,1697620205,-0.24316406,-0.34960938,0.8154297,0.0625,0.0,-0.21875
357,1697620245,-0.24316406,-0.34765625,0.8144531,0.0625,-0.125,-0.09375
358,1697620285,-0.24023438,-0.34570312,0.80566406,-0.125,-0.0625,-0.375
359,1697620325,-0.23535156,-0.34960938,0.82128906,0.25,0.1875,-0.21875
360,1697620365,-0.234375,-0.35742188,0.8203125,-0.0625,-0.0625,-0.03125
361,1697620405,-0.24121094,-0.35253906,0.8330078,0.25,0.1875,0.15625
362,1697620445,-0.23828125,-0.35351562,0.80566406,0.125,-0.5,-0.15625
363,1697620485,-0.23632812,-0.34960938,0.83691406,0.0,0.125,-0.15625
364,1697620525,-0.23925781,-0.3515625,0.82128906,-0.1875,-0.1875,-0.4375
365,1697620565,-0.22949219,-0.34277344,0.81347656,-0.0625,-0.0625,-0.3125
366,1697620605,-0.23828125,-0.3486328,0.8251953,0.0,-0.25,-0.21875
367,1697620645,-0.24023438,-0.3544922,0.83203125,0.0625,-0.25,0.28125
368,1697620685,-0.24511719,-0.3486328,0.8261719,0.0625,-0.0625,-0.03125
369,1697620725,-0.23632812,-0.35253906,0.82714844,-0.1875,-0.1875,-0.15625
370,1697620765,-0.23730469,-0.35839844,0.8339844,0.125,0.0,-0.25
371,1697620805,-0.22949219,-0.3486328,0.8232422,-0.125,0.0,-0.21875
372,1697620845,-0.2421875,-0.3466797,0.8203125,0.125,-0.1875,-0.09375
373,1697620885,-0.24414062,-0.3544922,0.8173828,0.125,-0.0625,-0.03125
374,1697620925,-0.24023438,-0.35253906,0.81933594,-0.0625,-0.1875,-0.25
375,1697620965,-0.23925781,-0.35058594,0.8330078,0.125,0.0,-0.15625
376,1697621005,-0.24609375,-0.3515625,0.82128906,0.0,-0.125,-0.15625
377,1697621045,-0.23046875,-0.34960938,0.8310547,-0.1875,0.0,-0.15625
378,1697621085,-0.2421875,-0.35839844,0.82714844,0.375,0.125,0.15625
379,1697621125,-0.24511719,-0.35546875,0.8251953,-0.0625,0.21875,0.03125
380,1697621165,-0.24121094,-0.35253906,0.8222656,0.3125,0.1875,-0.09375
381,1697621205,-0.23730469,-0.35351562,0.82714844,0.1875,-0.3125,-0.03125
382,1697621245,-0.23535156,-0.3515625,0.82910156,-0.1875,-0.125,-0.3125
383,1697621285,-0.23632812,-0.36035156,0.8251953,0.1875,-0.25,-0.09375
384,1697621325,-0.234375,-0.34277344,0.83203125,-0.1875,-0.125,-0.03125
385,1697621365,-0.23046875,-0.35546875,0.82910156,0.125,-0.125,0.03125
386,1697621405,-0.24316406,-0.3466797,0.8261719,-0.0625,-0.125,0.09375
387,1697621445,-0.25195312,-0.35058594,0.8261719,0.4375,-0.1875,-0.09375
388,1697621485,-0.23925781,-0.35546875,0.82714844,-0.0625,-0.125,-0.15625
389,1697621525,-0.24316406,-0.3623047,0.8222656,-0.125,0.0,-0.03125
390,1697621565,-0.24511719,-0.35742188,0.81933594,0.375,0.0,-0.03125
391,1697621605,-0.23730469,-0.3515625,0.8310547,0.0,0.1875,-0.09375
392,1697621645,-0.24121094,-0.34277344,0.828125,0.125,-0.0625,-0.15625
393,1697621685,-0.23632812,-0.34960938,0.82910156,0.25,-0.25,-0.03125
394,1697621725,-0.23925781,-0.3515625,0.8300781,-0.0625,-0.0625,-0.09375
395,1697621765,-0.24414062,-0.3515625,0.8203125,0.0,-0.125,-0.15625
396,1697621805,-0.24121094,-0.34960938,0.8144531,0.0,-0.125,-0.03125
397,1697621845,-0.23242188,-0.3544922,0.82421875,0.0,-0.0625,-0.03125
398,1697621885,-0.23925781,-0.35351562,0.83203125,0.0,0.40625,0.03125
399,1697621925,-0.24316406,-0.3515625,0.8105469,0.0625,0.0,0.03125
400,1697621965,-0.234375,-0.3515625,0.8359375,0.1875,0.125,-0.09375
401,1697622005,-0.23925781,-0.359375,0.8261719,0.0,-0.25,-0.15625
402,1697622045,-0.24316406,-0.34765625,0.83203125,0.25,0.125,-0.25
403,1697622085,-0.23828125,-0.3515625,0.82910156,-0.0625,0.0,-0.5
404,1697622125,-0.234375,-0.3564453,0.8251953,0.0625,0.125,-0.375
405,1697622165,-0.24511719,-0.34960938,0.82421875,0.0,-0.1875,-0.15625
406,1697622205,-0.23730469,-0.34570312,0.8154297,0.125,-0.0625,0.03125
407,1697622245,-0.24316406,-0.3486328,0.83203125,0.0625,-0.3125,-0.03125
408,1697622285,-0.23535156,-0.34570312,0.8203125,0.0,-0.125,-0.09375
409,1697622325,-0.24707031,-0.35253906,0.8173828,0.0,-0.0625,-0.03125
410,1697622365,-0.23828125,-0.35546875,0.8232422,0.0625,0.0,-0.09375
411,1697622405,-0.24316406,-0.35351562,0.81347656,0.09375,0.09375,-0.1875
412,1697622445,-0.23632812,-0.35546875,0.82421875,-0.03125,0.28125,-0.125
413,1697622485,-0.23828125,-0.35546875,0.8203125,-0.03125,-0.25,-0.125
414,1697622525,-0.23828125,-0.35253906,0.81347656,-0.15625,-0.09375,-0.125
415,1697622565,-0.23925781,-0.3515625,0.8378906,0.09375,-0.25,0.125
416,1697622605,-0.24414062,-0.34277344,0.80859375,-0.09375,-0.21875,0.0
417,1697622645,-0.23339844,-0.35253906,0.8300781,-0.09375,-0.21875,-0.0625
418,1697622685,-0.24316406,-0.3564453,0.83691406,0.03125,0.21875,0.0
419,1697622725,-0.23535156,-0.35742188,0.8173828,-0.21875,0.15625,0.0
420,1697622765,-0.24023438,-0.34472656,0.8222656,0.34375,0.40625,0.125
421,1697622805,-0.24121094,-0.3486328,0.8203125,-0.09375,-0.3125,-0.125
422,1697622845,-0.23730469,-0.34960938,0.8330078,-0.09375,0.09375,0.125
423,1697622885,-0.24609375,-0.35253906,0.82910156,-0.09375,-0.09375,-0.1875
424,1697622925,-0.24023438,-0.34570312,0.81640625,-0.21875,-0.03125,-0.0625
425,1697622965,-0.23730469,-0.34765625,0.8300781,-0.09375,-0.03125,-0.0625
426,1697623005,-0.24316406,-0.35351562,0.81933594,0.03125,0.03125,0.0625
427,1697623045,-0.23535156,-0.34179688,0.8222656,-0.09375,-0.15625,0.0
428,1697623085,-0.23144531,-0.34765625,0.8154297,0.21875,0.21875,-0.25
429,1697623125,-0.23828125,-0.34960938,0.82421875,-0.21875,0.03125,-0.125
430,1697623165,-0.24414062,-0.35058594,0.8105469,-0.09375,-0.09375,-0.0625
431,1697623205,-0.2421875,-0.3642578,0.8173828,-0.09375,-0.15625,0.0625
432,1697623245,-0.24414062,-0.3564453,0.8261719,0.03125,-0.25,-0.0625
433,1697623285,-0.23925781,-0.35253906,0.8183594,0.03125,-0.21875,0.0625
434,1697623325,-0.23144531,-0.36621094,0.8378906,-0.09375,-0.21875,-0.0625
435,1697623365,-0.234375,-0.35253906,0.82714844,-0.03125,0.09375,-0.125
436,1697623405,-0.23925781,-0.35058594,0.8359375,-0.09375,-0.09375,-0.0625
437,1697623445,-0.23730469,-0.35253906,0.8222656,-0.15625,0.15625,0.0625
438,1697623485,-0.23242188,-0.35058594,0.8222656,0.28125,0.15625,0.125
439,1697623525,-0.21875,-0.34472656,0.8173828,-0.21875,0.21875,0.1875
440,1697623565,-0.24511719,-0.3515625,0.82714844,0.34375,0.03125,0.125
441,1697623605,-0.24511719,-0.35351562,0.828125,-0.21875,0.03125,0.0
442,1697623645,-0.24316406,-0.3544922,0.80859375,0.09375,-0.3125,0.0
443,1697623685,-0.23828125,-0.35742188,0.82910156,-0.15625,-0.09375,-0.125
444,1697623725,-0.24609375,-0.35058594,0.8222656,-0.4375,0.03125,-0.0625
445,1697623765,-0.234375,-0.35058594,0.8261719,0.15625,0.15625,0.0625
446,1697623805,-0.23632812,-0.34960938,0.8173828,-0.09375,-0.09375,0.25
447,1697623845,-0.2421875,-0.3486328,0.8251953,-0.03125,0.03125,-0.125
448,1697623885,-0.23828125,-0.3515625,0.82910156,-0.03125,0.03125,-0.125
449,1697623925,-0.23828125,-0.3486328,0.828125,-0.28125,0.15625,-0.1875
450,1697623965,-0.24414062,-0.34765625,0.8300781,-0.03125,0.15625,0.0625
451,1697624005,-0.23535156,-0.3515625,0.81933594,-0.09375,-0.03125,0.3125
452,1697624045,-0.24023438,-0.3486328,0.83496094,0.09375,0.15625,0.25
453,1697624085,-0.23828125,-0.3515625,0.83203125,-0.09375,-0.15625,0.125
454,1697624125,-0.24316406,-0.3515625,0.82421875,-0.09375,0.09375,0.1875
455,1697624165,-0.23632812,-0.34960938,0.82128906,-0.09375,-0.21875,-0.0625
456,1697624205,-0.23046875,-0.35058594,0.8095703,-0.34375,0.09375,0.0
457,1697624245,-0.24316406,-0.35058594,0.82910156,0.28125,0.03125,0.25
458,1697624285,-0.23535156,-0.35351562,0.828125,-0.34375,0.40625,0.125
459,1697624325,-0.24511719,-0.3486328,0.81933594,0.09375,0.28125,0.25
460,1697624365,-0.24902344,-0.35058594,0.8173828,-0.09375,-0.15625,0.375
461,1697624405,-0.24511719,-0.35253906,0.8144531,-0.09375,-0.03125,0.25
462,1697624445,-0.2421875,-0.34765625,0.8310547,-0.09375,-0.25,-0.0625
463,1697624485,-0.24414062,-0.35742188,0.81933594,-0.375,-0.09375,-0.25
464,1697624525,-0.234375,-0.3486328,0.81933594,-0.34375,0.03125,0.0
465,1697624565,-0.24707031,-0.35351562,0.8232422,-0.09375,-0.21875,0.3125
466,1697624605,-0.23828125,-0.3466797,0.828125,-0.15625,-0.21875,0.25
467,1697624645,-0.2421875,-0.3515625,0.8251953,0.21875,-0.09375,0.0625
468,1697624685,-0.24023438,-0.3486328,0.83496094,-0.09375,-0.15625,0.0
469,1697624725,-0.24316406,-0.34472656,0.8173828,-0.21875,0.15625,-0.0625
470,1697624765,-0.24511719,-0.34765625,0.82128906,0.03125,-0.03125,0.0
471,1697624805,-0.2421875,-0.3544922,0.81640625,-0.09375,-0.09375,0.125
472,1697624845,-0.25,-0.3466797,0.81640625,-0.09375,-0.03125,0.0
473,1697624885,-0.24414062,-0.34570312,0.8232422,-0.03125,0.03125,0.1875
474,1697624925,-0.23925781,-0.34765625,0.82128906,-0.09375,-0.15625,-0.0625
475,1697624965,-0.23730469,-0.3486328,0.81933594,0.09375,0.21875,0.3125
476,1697625005,-0.24902344,-0.35742188,0.82421875,-0.21875,0.09375,0.4375
477,1697625045,-0.2421875,-0.3486328,0.8388672,0.15625,0.34375,0.3125
478,1697625085,-0.25195312,-0.359375,0.8173828,-0.21875,0.03125,0.0625
479,1697625125,-0.234375,-0.3544922,0.82128906,0.28125,0.03125,0.1875
480,1697625165,-0.24121094,-0.3564453,0.8203125,-0.4375,0.03125,-0.1875
481,1697625205,-0.23925781,-0.3623047,0.8300781,0.21875,-0.15625,0.125
482,1697625245,-0.24707031,-0.3486328,0.8261719,-0.34375,-0.15625,0.0
483,1697625285,-0.23925781,-0.35058594,0.8261719,0.03125,-0.09375,0.1875
484,1697625325,-0.24121094,-0.35546875,0.8183594,-0.15625,-0.15625,0.125
485,1697625365,-0.24023438,-0.35351562,0.82714844,0.21875,-0.09375,-0.0625
486,1697625405,-0.23632812,-0.3564453,0.8105469,-0.15625,0.03125,-0.125
487,1697625445,-0.23828125,-0.35351562,0.8261719,0.15625,0.09375,-0.0625
488,1697625485,-0.24414062,-0.3515625,0.8222656,-0.03125,-0.03125,-0.125
489,1697625525,-0.23730469,-0.3544922,0.8261719,-0.09375,-0.03125,-0.0625
490,1697625565,-0.24707031,-0.3466797,0.8222656,-0.03125,-0.15625,-0.0625
491,1697625605,-0.24414062,-0.34960938,0.81933594,-0.34375,-0.03125,-0.375
492,1697625645,-0.24707031,-0.35253906,0.8173828,0.46875,-0.21875,0.25
493,1697625685,-0.23730469,-0.35351562,0.828125,-0.09375,0.28125,0.4375
494,1697625725,-0.23828125,-0.34375,0.82128906,0.15625,0.28125,0.375
495,1697625765,-0.24707031,-0.35058594,0.81640625,-0.09375,-0.03125,0.125
496,1697625805,-0.2421875,-0.3466797,0.81640625,-0.09375,0.34375,-0.125
497,1697625845,-0.23828125,-0.34570312,0.81640625,-0.34375,-0.09375,-0.25
498,1697625885,-0.24414062,-0.34960938,0.83203125,-0.03125,-0.09375,0.125
499,1697625925,-0.23339844,-0.35351562,0.81347656,-0.09375,-0.09375,0.125
500,1697625965,-0.2421875,-0.34960938,0.8251953,-0.03125,0.09375,0.25
501,1697626005,-0.24609375,-0.36132812,0.8261719,-0.09375,-0.21875,-0.125
502,1697626045,-0.24121094,-0.34570312,0.8183594,0.15625,0.03125,-0.1875
503,1697626085,-0.23828125,-0.35058594,0.82714844,-0.09375,-0.25,-0.25
504,1697626125,-0.24511719,-0.34960938,0.82128906,-0.09375,-0.03125,-0.0625
505,1697626165,-0.23632812,-0.35058594,0.8203125,-0.09375,-0.09375,0.0625
506,1697626205,-0.24316406,-0.35058594,0.82910156,-0.21875,0.15625,0.1875
507,1697626245,-0.24023438,-0.34472656,0.8173828,-0.375,-0.09375,-0.25
508,1697626285,-0.24121094,-0.35253906,0.82910156,0.71875,0.03125,0.1875
509,1697626325,-0.2421875,-0.35546875,0.8261719,-0.4375,0.09375,0.0
510,1697626365,-0.24316406,-0.3515625,0.81933594,0.46875,0.40625,0.0
511,1697626405,-0.2421875,-0.34960938,0.82714844,0.09375,-0.375,0.0
512,1697626445,-0.23925781,-0.35058594,0.8154297,-0.34375,0.15625,0.0
513,1697626485,-0.24023438,-0.3515625,0.81933594,0.09375,0.09375,-0.3125
514,1697626525,-0.24414062,-0.34960938,0.8251953,-0.03125,-0.15625,-0.125
515,1697626565,-0.23828125,-0.35351562,0.8183594,-0.09375,-0.25,-0.125
516,1697626605,-0.23535156,-0.3515625,0.8232422,-0.03125,-0.03125,0.1875
517,1697626645,-0.2421875,-0.35742188,0.8330078,-0.09375,-0.5,-0.25
518,1697626685,-0.23535156,-0.34765625,0.81933594,-0.03125,-0.03125,-0.25
519,1697626725,-0.23828125,-0.35839844,0.81640625,0.09375,-0.25,-0.3125
520,1697626765,-0.24121094,-0.36132812,0.82128906,-0.28125,-0.03125,-0.1875
521,1697626805,-0.2421875,-0.3486328,0.8105469,0.21875,-0.25,0.0625
522,1697626845,-0.23730469,-0.3515625,0.8222656,-0.34375,-0.03125,-0.0625
523,1697626885,-0.22949219,-0.3486328,0.8125,-0.09375,-0.15625,-0.25
524,1697626925,-0.24414062,-0.3564453,0.8222656,-0.03125,-0.09375,0.0
525,1697626965,-0.23730469,-0.35253906,0.8261719,-0.34375,0.28125,-0.0625
526,1697627005,-0.23925781,-0.3486328,0.8261719,0.21875,0.40625,-0.0625
527,1697627045,-0.24414062,-0.35253906,0.82421875,-0.03125,-0.25,-0.125
528,1697627085,-0.24804688,-0.3515625,0.8251953,0.03125,0.09375,-0.1875
529,1697627125,-0.23730469,-0.35253906,0.82421875,-0.09375,-0.15625,-0.1875
530,1697627165,-0.24023438,-0.359375,0.8232422,-0.09375,-0.375,-0.3125
531,1697627205,-0.23828125,-0.3564453,0.82714844,-0.09375,-0.03125,-0.0625
532,1697627245,-0.24121094,-0.34179688,0.8232422,-0.09375,-0.15625,0.0625
533,1697627285,-0.24511719,-0.35546875,0.81933594,0.15625,-0.09375,0.0
534,1697627325,-0.24511719,-0.3544922,0.8222656,-0.03125,-0.15625,-0.0625
535,1697627365,-0.23828125,-0.3515625,0.8125,0.09375,0.03125,-0.25
536,1697627405,-0.23632812,-0.35058594,0.82910156,-0.09375,-0.09375,-0.1875
537,1697627445,-0.24023438,-0.34179688,0.8222656,0.03125,-0.21875,-0.0625
538,1697627485,-0.24023438,-0.3515625,0.82910156,-0.09375,-0.09375,-0.1875
539,1697627525,-0.22949219,-0.35253906,0.8232422,0.03125,-0.21875,0.0
540,1697627565,-0.24609375,-0.3544922,0.81933594,-0.28125,-0.21875,-0.1875
541,1697627605,-0.23535156,-0.35058594,0.8339844,-0.03125,0.21875,-0.0625
542,1697627645,-0.23730469,-0.35839844,0.8300781,-0.03125,0.15625,0.1875
543,1697627685,-0.24023438,-0.34960938,0.8203125,-0.15625,0.28125,0.125
544,1697627725,-0.24121094,-0.3515625,0.8378906,0.34375,-0.09375,0.125
545,1697627765,-0.24023438,-0.3564453,0.8222656,-0.03125,0.03125,-0.0625
546,1697627805,-0.23730469,-0.35546875,0.828125,-0.09375,-0.15625,-0.0625
547,1697627845,-0.24316406,-0.3466797,0.8144531,-0.15625,-0.25,-0.0625
548,1697627885,-0.23144531,-0.3486328,0.8251953,-0.28125,0.09375,0.0
549,1697627925,-0.23828125,-0.35058594,0.82421875,0.03125,0.03125,0.125
550,1697627965,-0.22949219,-0.3544922,0.82421875,-0.03125,-0.15625,0.0625
551,1697628005,-0.2421875,-0.35546875,0.8173828,-0.09375,-0.15625,-0.0625
552,1697628045,-0.24316406,-0.35058594,0.8203125,0.09375,-0.15625,-0.0625
553,1697628085,-0.24121094,-0.3515625,0.81640625,-0.09375,-0.03125,0.0625
554,1697628125,-0.23925781,-0.3515625,0.81933594,-0.03125,0.15625,0.0625
555,1697628165,-0.2421875,-0.35351562,0.82421875,0.15625,-0.3125,-0.0625
556,1697628205,-0.24609375,-0.3486328,0.81933594,-0.21875,-0.21875,0.0
557,1697628245,-0.2421875,-0.35253906,0.82910156,-0.09375,-0.03125,-0.0625
558,1697628285,-0.23535156,-0.3515625,0.8251953,-0.09375,-0.03125,0.0625
559,1697628325,-0.24316406,-0.34960938,0.828125,-0.09375,-0.15625,0.0
560,1697628365,-0.24023438,-0.35546875,0.8222656,-0.09375,-0.15625,0.0625
561,1697628405,-0.23339844,-0.34960938,0.82421875,-0.15625,0.21875,0.0625
562,1697628445,-0.23144531,-0.35351562,0.82714844,0.40625,-0.09375,0.25
563,1697628485,-0.24609375,-0.3564453,0.8173828,-0.28125,-0.3125,0.125
564,1697628525,-0.24707031,-0.34570312,0.82421875,0.03125,-0.03125,0.0625
565,1697628565,-0.23632812,-0.35253906,0.81347656,0.09375,-0.21875,0.0
566,1697628605,-0.24121094,-0.34765625,0.8017578,-0.28125,0.21875,-0.1875
567,1697628645,-0.23144531,-0.3486328,0.82128906,-0.09375,-0.09375,-0.0625
568,1697628685,-0.23828125,-0.3544922,0.81933594,-0.03125,0.03125,0.125
569,1697628725,-0.23925781,-0.3486328,0.8027344,-0.09375,-0.09375,0.0625
570,1697628765,-0.24316406,-0.3486328,0.82128906,0.09375,-0.09375,0.25
571,1697628805,-0.2421875,-0.3466797,0.8232422,-0.09375,0.09375,-0.0625
572,1697628845,-0.23632812,-0.34960938,0.8183594,-0.15625,0.09375,-0.125
573,1697628885,-0.23144531,-0.3544922,0.82910156,-0.09375,-0.25,0.0625
574,1697628925,-0.234375,-0.3564453,0.8222656,-0.09375,-0.09375,0.0
575,1697628965,-0.24316406,-0.35351562,0.8203125,0.03125,-0.25,0.125
576,1697629005,-0.23925781,-0.3515625,0.81933594,-0.21875,-0.15625,0.0
577,1697629045,-0.23730469,-0.3486328,0.8310547,0.03125,0.09375,0.0
578,1697629085,-0.2421875,-0.35253906,0.8261719,-0.09375,-0.15625,0.0
579,1697629125,-0.23046875,-0.3486328,0.8183594,-0.09375,-0.21875,-0.0625
580,1697629165,-0.24609375,-0.34960938,0.8222656,0.21875,0.09375,0.125
581,1697629205,-0.24316406,-0.3564453,0.828125,-0.34375,0.34375,0.0
582,1697629245,-0.23730469,-0.3486328,0.8105469,0.03125,0.21875,0.25
583,1697629285,-0.24121094,-0.34179688,0.8183594,0.15625,-0.15625,0.125
584,1697629325,-0.23144531,-0.34765625,0.81933594,-0.15625,-0.15625,0.0625
585,1697629365,-0.24707031,-0.3486328,0.8232422,0.03125,-0.09375,-0.1875
586,1697629405,-0.23242188,-0.3544922,0.8203125,-0.21875,-0.03125,-0.375
587,1697629445,-0.23339844,-0.35058594,0.8251953,-0.375,-0.03125,-0.125
588,1697629485,-0.23144531,-0.35058594,0.8261719,0.03125,-0.3125,0.125
589,1697629525,-0.23925781,-0.3544922,0.82421875,-0.15625,-0.03125,0.0625
590,1697629565,-0.24511719,-0.3564453,0.8203125,-0.03125,-0.15625,0.25
591,1697629605,-0.23535156,-0.35253906,0.82910156,0.03125,-0.21875,0.0
592,1697629645,-0.23632812,-0.33984375,0.8232422,-0.09375,-0.03125,-0.0625
593,1697629685,-0.23339844,-0.35058594,0.8222656,-0.03125,0.03125,0.0625
594,1697629725,-0.24316406,-0.3408203,0.8222656,0.09375,-0.03125,0.0
595,1697629765,-0.24902344,-0.35546875,0.8339844,-0.09375,-0.09375,-0.125
596,1697629805,-0.23828125,-0.34765625,0.8232422,-0.03125,0.03125,-0.0625
597,1697629845,-0.23925781,-0.34472656,0.81640625,0.03125,0.03125,-0.0625
598,1697629885,-0.23925781,-0.34765625,0.82910156,-0.375,-0.15625,-0.0625
599,1697629925,-0.23242188,-0.33984375,0.82714844,-0.09375,-0.09375,0.0
600,1697629965,-0.23925781,-0.3515625,0.82128906,-0.03125,0.03125,0.125
601,1697630005,-0.23339844,-0.35742188,0.8203125,-0.15625,0.40625,0.125
602,1697630045,-0.23828125,-0.3466797,0.82714844,0.15625,0.21875,0.3125
603,1697630085,-0.24609375,-0.35839844,0.8222656,-0.09375,-0.15625,0.0625
604,1697630125,-0.24511719,-0.35253906,0.8173828,0.03125,-0.09375,0.125
605,1697630165,-0.24511719,-0.3486328,0.8203125,-0.09375,-0.1875,-0.28125
606,1697630205,-0.23046875,-0.35351562,0.8232422,-0.15625,0.125,-0.15625
607,1697630245,-0.23925781,-0.36035156,0.82128906,-0.03125,-0.0625,-0.03125
608,1697630285,-0.23828125,-0.35253906,0.8310547,-0.03125,-0.1875,0.28125
609,1697630325,-0.2421875,-0.3564453,0.8203125,0.09375,0.0625,0.15625
610,1697630365,-0.23632812,-0.34765625,0.8232422,0.09375,0.0625,0.15625
611,1697630405,-0.23632812,-0.3564453,0.8125,0.03125,0.0,-0.03125
612,1697630445,-0.23242188,-0.35742188,0.82714844,-0.03125,0.0,-0.09375
613,1697630485,-0.25,-0.34765625,0.82714844,-0.03125,-0.125,-0.28125
614,1697630525,-0.23925781,-0.35351562,0.828125,0.09375,0.0625,-0.03125
615,1697630565,-0.23730469,-0.34765625,0.82910156,-0.03125,-0.0625,-0.03125
616,1697630605,-0.23730469,-0.3466797,0.82128906,-0.09375,-0.1875,-0.03125
617,1697630645,-0.23632812,-0.35058594,0.8251953,0.09375,0.125,0.09375
618,1697630685,-0.24316406,-0.3544922,0.81933594,-0.03125,-0.0625,0.03125
619,1697630725,-0.23144531,-0.34960938,0.82421875,-0.03125,-0.1875,-0.09375
620,1697630765,-0.24414062,-0.3544922,0.82421875,0.15625,0.25,0.03125
621,1697630805,-0.23339844,-0.3544922,0.8125,-0.03125,0.125,0.15625
622,1697630845,-0.23144531,-0.35058594,0.828125,0.25,0.4375,0.15625
623,1697630885,-0.23339844,-0.34765625,0.8251953,-0.15625,-0.25,0.03125
624,1697630925,-0.24511719,-0.35253906,0.83496094,0.03125,0.375,0.09375
625,1697630965,-0.24023438,-0.3544922,0.8105469,0.03125,-0.25,-0.34375
626,1697631005,-0.22949219,-0.35546875,0.8310547,-0.28125,0.125,-0.28125
627,1697631045,-0.24023438,-0.35253906,0.8173828,0.1875,-0.125,0.21875
628,1697631085,-0.24121094,-0.3515625,0.8154297,-0.34375,0.0,0.28125
629,1697631125,-0.23730469,-0.3408203,0.81640625,-0.15625,-0.0625,0.03125
630,1697631165,-0.24023438,-0.34765625,0.81933594,0.09375,0.3125,0.03125
631,1697631205,-0.23925781,-0.3486328,0.8310547,-0.09375,0.125,0.03125
632,1697631245,-0.2421875,-0.34277344,0.8222656,0.03125,0.1875,-0.03125
633,1697631285,-0.23925781,-0.3466797,0.81347656,0.03125,0.125,0.09375
634,1697631325,-0.23144531,-0.34765625,0.8173828,-0.09375,0.0,0.15625
635,1697631365,-0.23925781,-0.3486328,0.8183594,0.15625,0.125,0.21875
636,1697631405,-0.234375,-0.35742188,0.82714844,-0.03125,0.0625,0.28125
637,1697631445,-0.24121094,-0.35546875,0.8222656,-0.03125,0.125,0.09375
638,1697631485,-0.23828125,-0.36523438,0.8144531,-0.03125,0.0625,-0.03125
639,1697631525,-0.23730469,-0.35351562,0.828125,-0.15625,0.25,0.15625
640,1697631565,-0.23828125,-0.35546875,0.8251953,0.03125,0.25,0.09375
641,1697631605,-0.24511719,-0.35742188,0.8251953,-0.15625,0.1875,0.21875
642,1697631645,-0.24121094,-0.3544922,0.8310547,0.09375,0.125,0.34375
643,1697631685,-0.23632812,-0.35351562,0.8154297,-0.21875,-0.3125,0.15625
644,1697631725,-0.24121094,-0.35546875,0.828125,0.03125,0.1875,0.09375
645,1697631765,-0.25097656,-0.34960938,0.8251953,-0.21875,0.125,-0.28125
646,1697631805,-0.23730469,-0.3515625,0.81933594,-0.21875,0.0625,0.03125
647,1697631845,-0.23730469,-0.3515625,0.8310547,-0.03125,-0.0625,0.15625
648,1697631885,-0.24804688,-0.3544922,0.828125,0.09375,0.0625,0.34375
649,1697631925,-0.24414062,-0.34765625,0.8251953,-0.03125,0.125,0.09375
650,1697631965,-0.23828125,-0.34765625,0.82714844,0.09375,0.125,-0.03125
651,1697632005,-0.23632812,-0.35253906,0.8251953,-0.09375,0.0,0.09375
652,1697632045,-0.24316406,-0.34960938,0.81933594,0.03125,-0.125,-0.03125
653,1697632085,-0.24023438,-0.3544922,0.81933594,-0.03125,-0.125,0.15625
654,1697632125,-0.24316406,-0.35253906,0.81933594,-0.03125,0.0,-0.03125
655,1697632165,-0.23730469,-0.35839844,0.8359375,0.03125,0.0625,0.03125
656,1697632205,-0.23828125,-0.3515625,0.8173828,-0.21875,0.125,0.09375
657,1697632245,-0.23828125,-0.35058594,0.828125,0.03125,-0.0625,0.09375
658,1697632285,-0.24609375,-0.34570312,0.8154297,0.3125,0.125,0.34375
659,1697632325,-0.24121094,-0.34765625,0.81347656,-0.28125,0.3125,0.09375
660,1697632365,-0.24707031,-0.35742188,0.8203125,0.15625,0.375,0.09375
661,1697632405,-0.24023438,-0.35351562,0.82128906,-0.09375,-0.25,0.03125
662,1697632445,-0.23632812,-0.36035156,0.8330078,0.15625,0.125,0.09375
663,1697632485,-0.234375,-0.34960938,0.8144531,-0.15625,-0.0625,-0.21875
664,1697632525,-0.23730469,-0.3544922,0.81640625,0.03125,0.0,-0.15625
665,1697632565,-0.23632812,-0.35546875,0.82421875,-0.21875,0.0,-0.03125
666,1697632605,-0.24511719,-0.3515625,0.8173828,0.09375,0.0625,0.21875
667,1697632645,-0.24316406,-0.359375,0.8339844,0.09375,-0.125,0.21875
668,1697632685,-0.24121094,-0.3466797,0.82714844,0.09375,0.0,-0.09375
669,1697632725,-0.234375,-0.3515625,0.8261719,-0.21875,0.0,-0.09375
670,1697632765,-0.24316406,-0.3544922,0.8173828,0.1875,0.0625,0.03125
671,1697632805,-0.24511719,-0.35546875,0.8222656,-0.15625,0.25,0.03125
672,1697632845,-0.23242188,-0.34277344,0.8378906,0.15625,-0.25,0.09375
673,1697632885,-0.24121094,-0.35546875,0.8183594,0.09375,0.125,0.03125
674,1697632925,-0.22949219,-0.35742188,0.8144531,-0.15625,0.0625,-0.21875
675,1697632965,-0.234375,-0.35546875,0.8378906,0.15625,0.25,-0.03125
676,1697633005,-0.24414062,-0.34765625,0.81640625,-0.15625,0.0625,0.28125
677,1697633045,-0.23144531,-0.34277344,0.8154297,0.1875,0.125,0.21875
678,1697633085,-0.23242188,-0.3564453,0.8222656,-0.03125,0.0,0.03125
679,1697633125,-0.2529297,-0.35351562,0.82714844,0.03125,0.125,0.09375
680,1697633165,-0.24121094,-0.36914062,0.81933594,-0.15625,-0.0625,-0.40625
681,1697633205,-0.23828125,-0.35253906,0.8261719,-0.15625,0.25,-0.46875
682,1697633245,-0.24511719,-0.34375,0.8261719,-0.03125,-0.0625,-0.03125
683,1697633285,-0.23925781,-0.3486328,0.8203125,0.15625,0.125,0.15625
684,1697633325,-0.24511719,-0.3544922,0.80859375,-0.03125,0.0,-0.15625
685,1697633365,-0.2421875,-0.35058594,0.8173828,0.15625,-0.125,0.03125
686,1697633405,-0.23925781,-0.3544922,0.8154297,-0.09375,-0.1875,-0.09375
687,1697633445,-0.23828125,-0.3486328,0.8251953,-0.03125,0.0,-0.09375
688,1697633485,-0.24414062,-0.35546875,0.8095703,-0.03125,0.0,-0.15625
689,1697633525,-0.24316406,-0.34570312,0.82128906,-0.03125,-0.125,-0.28125
690,1697633565,-0.23828125,-0.3642578,0.8408203,0.09375,0.0,-0.15625
691,1697633605,-0.23925781,-0.35839844,0.82128906,-0.03125,-0.125,-0.28125
692,1697633645,-0.24414062,-0.35742188,0.8203125,0.5625,-0.1875,0.09375
693,1697633685,-0.23144531,-0.3486328,0.8173828,-0.53125,0.375,0.09375
694,1697633725,-0.24414062,-0.34179688,0.8203125,0.4375,0.1875,0.03125
695,1697633765,-0.25195312,-0.3515625,0.8300781,-0.09375,-0.3125,-0.09375
696,1697633805,-0.24707031,-0.35253906,0.81933594,0.09375,0.125,-0.15625
697,1697633845,-0.23925781,-0.35253906,0.83496094,0.03125,-0.1875,-0.40625
698,1697633885,-0.23046875,-0.34765625,0.8125,-0.09375,-0.125,-0.34375
699,1697633925,-0.2421875,-0.35351562,0.83203125,-0.03125,-0.125,-0.28125
700,1697633965,-0.23144531,-0.3544922,0.82128906,-0.03125,-0.0625,0.03125
701,1697634005,-0.24511719,-0.3466797,0.83203125,0.15625,-0.0625,-0.09375
702,1697634045,-0.23339844,-0.35253906,0.8310547,0.09375,-0.125,-0.15625
703,1697634085,-0.23730469,-0.34277344,0.8222656,-0.0625,-0.0625,-0.1875
704,1697634125,-0.23535156,-0.34960938,0.82128906,-0.0625,-0.0625,-0.25
705,1697634165,-0.23144531,-0.34472656,0.8144531,0.0,-0.125,-0.25
706,1697634205,-0.24316406,-0.3515625,0.8251953,0.25,-0.125,0.0
707,1697634245,-0.24414062,-0.34960938,0.8222656,-0.25,0.125,-0.125
708,1697634285,-0.23632812,-0.35351562,0.8203125,0.0625,0.25,-0.125
709,1697634325,-0.23242188,-0.36035156,0.82714844,0.0625,-0.0625,0.21875
710,1697634365,-0.23242188,-0.35351562,0.80859375,-0.3125,0.0625,0.0
711,1697634405,-0.24121094,-0.3466797,0.828125,0.40625,-0.0625,0.15625
712,1697634445,-0.23925781,-0.34472656,0.8232422,-0.0625,-0.3125,0.0
713,1697634485,-0.24414062,-0.35742188,0.8310547,0.0,0.0625,-0.25
714,1697634525,-0.23242188,-0.34960938,0.8251953,-0.1875,-0.1875,-0.1875
715,1697634565,-0.23535156,-0.3544922,0.81933594,-0.0625,-0.1875,0.0
716,1697634605,-0.23730469,-0.3623047,0.82421875,-0.125,0.0,-0.0625
717,1697634645,-0.23828125,-0.34765625,0.8105469,0.0,-0.1875,0.09375
718,1697634685,-0.23828125,-0.35351562,0.8203125,0.125,0.1875,0.03125
719,1697634725,-0.23339844,-0.35351562,0.8378906,0.0,0.0625,0.0
720,1697634765,-0.234375,-0.3515625,0.83691406,-0.0625,-0.125,-0.125
721,1697634805,-0.24023438,-0.35058594,0.8183594,0.0625,0.0,0.0
722,1697634845,-0.22851562,-0.34960938,0.8203125,-0.0625,-0.375,0.03125
723,1697634885,-0.2421875,-0.3623047,0.82128906,0.0,0.0625,0.03125
724,1697634925,-0.23730469,-0.35546875,0.82910156,0.0,0.0,0.0
725,1697634965,-0.23535156,-0.35253906,0.82910156,-0.0625,-0.0625,-0.0625
726,1697635005,-0.24316406,-0.34960938,0.8339844,0.0,0.25,0.09375
727,1697635045,-0.23828125,-0.3515625,0.8203125,-0.125,0.25,0.03125
728,1697635085,-0.24023438,-0.34570312,0.828125,0.0,0.0625,0.21875
729,1697635125,-0.23925781,-0.3515625,0.8330078,-0.1875,-0.125,0.15625
730,1697635165,-0.23925781,-0.35351562,0.8261719,0.125,-0.1875,0.15625
731,1697635205,-0.24804688,-0.3623047,0.82714844,-0.125,-0.125,0.03125
732,1697635245,-0.22851562,-0.35058594,0.8173828,0.0,0.0625,-0.125
733,1697635285,-0.24023438,-0.35742188,0.81640625,-0.0625,0.0625,-0.0625
734,1697635325,-0.23925781,-0.35351562,0.8232422,-0.125,-0.125,0.21875
735,1697635365,-0.23535156,-0.35058594,0.82421875,0.0,-0.1875,0.03125
736,1697635405,-0.23046875,-0.35253906,0.81640625,0.0,-0.125,0.15625
737,1697635445,-0.24023438,-0.3564453,0.8251953,0.0,-0.1875,-0.0625
738,1697635485,-0.23632812,-0.35253906,0.82714844,-0.125,0.125,-0.0625
739,1697635525,-0.234375,-0.3544922,0.8095703,-0.0625,-0.125,0.0
740,1697635565,-0.23339844,-0.3515625,0.8300781,0.1875,-0.125,0.15625
741,1697635605,-0.234375,-0.35546875,0.8105469,-0.0625,-0.125,0.03125
742,1697635645,-0.2421875,-0.34472656,0.81933594,-0.0625,-0.125,0.09375
743,1697635685,-0.23828125,-0.35058594,0.82910156,0.0625,0.0,0.0
744,1697635725,-0.23925781,-0.34960938,0.8300781,-0.0625,0.1875,0.15625
745,1697635765,-0.24414062,-0.3642578,0.8261719,0.0,0.375,0.34375
746,1697635805,-0.23046875,-0.34277344,0.8203125,0.1875,0.0625,0.21875
747,1697635845,-0.2421875,-0.3486328,0.83203125,0.0625,-0.0625,0.15625
748,1697635885,-0.24316406,-0.3466797,0.81152344,0.0625,0.0,0.03125
749,1697635925,-0.234375,-0.35546875,0.8144531,-0.125,0.0625,-0.0625
750,1697635965,-0.2265625,-0.35058594,0.8076172,-0.125,0.0,0.0
751,1697636005,-0.23339844,-0.34765625,0.8232422,-0.1875,-0.0625,0.0
752,1697636045,-0.234375,-0.3515625,0.8330078,-0.0625,-0.1875,0.15625
753,1697636085,-0.24121094,-0.35058594,0.8251953,0.0,-0.125,0.09375
754,1697636125,-0.2421875,-0.34765625,0.81640625,-0.125,0.125,0.03125
