,timestamp,accel_x,accel_y,accel_z,gyro_x,gyro_y,gyro_z
0,1697605965,0.052246094,-0.9351196,0.24188232,0.0,-4.6875,-3.828125
1,1697606005,0.032470703,-1.0205688,0.2826538,2.53125,-3.703125,-3.15625
2,1697606045,0.08886719,-0.9788208,0.26312256,-3.65625,-3.390625,-3.765625
3,1697606085,0.053222656,-1.0261841,0.2489624,-1.96875,-5.09375,-1.421875
4,1697606125,0.05029297,-0.96539307,0.2802124,3.0,-2.09375,-1.375
5,1697606165,0.051757812,-1.0161743,0.24041748,-0.203125,-1.46875,-0.875
6,1697606205,0.057861328,-0.9578247,0.24700928,-2.140625,-3.90625,-3.015625
7,1697606245,0.03881836,-0.98321533,0.25946045,1.875,-0.84375,-0.65625
8,1697606285,0.032470703,-1.0252075,0.24945068,0.8125,-1.09375,1.4375
9,1697606325,0.048339844,-0.95806885,0.2506714,-2.65625,-1.734375,-1.390625
10,1697606365,0.050048828,-0.9907837,0.2579956,1.84375,-1.4375,-1.28125
11,1697606405,0.050048828,-0.9920044,0.26385498,-0.578125,-1.109375,-0.03125
12,1697606445,0.057617188,-0.97662354,0.25653076,-2.90625,-2.53125,-1.09375
13,1697606485,0.041748047,-0.98809814,0.260437,-0.890625,-1.34375,-0.734375
14,1697606525,0.044433594,-0.97735596,0.246521,-1.328125,-2.640625,-1.15625
15,1697606565,0.033203125,-0.99664307,0.26239014,-0.734375,-4.359375,-2.109375
16,1697606605,0.046142578,-0.98321533,0.26898193,-1.921875,-3.59375,-1.921875
17,1697606645,0.050048828,-0.9915161,0.26922607,-1.953125,-2.015625,-1.3125
18,1697606685,0.04345703,-0.97320557,0.27996826,-0.625,-1.78125,-0.765625
19,1697606725,0.029785156,-0.97857666,0.27142334,-1.09375,-1.65625,-1.296875
20,1697606765,0.037841797,-0.9678345,0.25042725,-4.109375,-1.828125,-1.859375
21,1697606805,0.02368164,-0.9866333,0.29656982,-0.0625,-3.046875,-0.671875
22,1697606845,0.048828125,-0.9937134,0.27069092,-0.640625,-0.40625,-0.90625
23,1697606885,0.045898438,-0.9624634,0.27972412,-3.390625,-1.421875,-2.25
24,1697606925,0.040039062,-0.96881104,0.30389404,-1.109375,1.296875,-1.421875
25,1697606965,-0.009765625,-1.008606,0.30169678,-0.625,-0.03125,1.109375
26,1697607005,-0.0043945312,-0.9949341,0.3078003,-1.015625,-1.515625,0.28125
27,1697607045,0.01928711,-0.975647,0.31170654,0.53125,-1.234375,-0.375
28,1697607085,0.0234375,-0.973938,0.3007202,-2.734375,-0.125,0.03125
29,1697607125,0.01586914,-0.97247314,0.309021,-1.4375,-1.078125,0.828125
30,1697607165,0.016845703,-0.972229,0.2970581,-0.015625,0.0625,1.484375
31,1697607205,0.032714844,-0.9717407,0.30706787,0.890625,0.484375,0.40625
32,1697607245,0.03515625,-0.99102783,0.2909546,2.265625,-0.140625,0.5
33,1697607285,0.04638672,-0.95318604,0.3168335,1.59375,1.359375,1.375
34,1697607325,0.025634766,-0.99713135,0.27020264,-0.234375,2.28125,2.171875
35,1697607365,0.028808594,-0.9541626,0.29412842,-0.671875,-1.40625,0.796875
36,1697607405,0.032714844,-0.9927368,0.32733154,3.796875,0.03125,0.296875
37,1697607445,0.056152344,-0.973938,0.29486084,-0.390625,0.109375,-0.21875
38,1697607485,0.03149414,-0.9639282,0.29534912,-0.046875,0.109375,-0.765625
39,1697607525,0.032714844,-0.9841919,0.3151245,1.515625,0.421875,0.46875
40,1697607565,0.028808594,-0.986145,0.29559326,1.828125,0.875,0.296875
41,1697607605,0.041015625,-0.9920044,0.30218506,-0.296875,-0.796875,0.25
42,1697607645,0.046875,-0.96417236,0.30316162,1.09375,-0.78125,-0.71875
43,1697607685,0.043701172,-0.9685669,0.28411865,-1.203125,-1.78125,-1.53125
44,1697607725,0.034179688,-0.9758911,0.30755615,1.109375,-1.796875,-1.09375
45,1697607765,0.020507812,-0.9985962,0.28851318,1.21875,-1.46875,0.46875
46,1697607805,0.03515625,-0.9578247,0.291687,-0.09375,-1.328125,0.015625
47,1697607845,0.030029297,-0.9553833,0.2826538,-0.359375,-0.96875,-0.21875
48,1697607885,0.028808594,-0.9627075,0.2975464,0.765625,0.21875,-0.28125
49,1697607925,0.032714844,-0.9639282,0.28851318,3.859375,2.359375,-0.578125
50,1697607965,0.041015625,-0.98760986,0.31732178,7.359375,4.640625,1.703125
51,1697608005,0.03149414,-1.0276489,0.2970581,6.796875,3.078125,4.65625
52,1697608045,0.05859375,-0.98394775,0.2531128,-0.25,-3.171875,1.875
53,1697608085,0.052978516,-0.9451294,0.2579956,-1.453125,-1.796875,-2.046875
54,1697608125,0.048583984,-0.9920044,0.29144287,2.890625,2.703125,-0.828125
55,1697608165,0.037353516,-1.0081177,0.2670288,2.21875,1.6875,2.125
56,1697608205,0.03466797,-0.9678345,0.2838745,-1.71875,-0.15625,1.328125
57,1697608245,0.053222656,-0.9656372,0.29388428,3.046875,2.015625,0.140625
58,1697608285,0.040771484,-0.97442627,0.28045654,2.546875,0.21875,0.296875
59,1697608325,0.047607422,-0.97784424,0.28460693,1.4375,-0.03125,-0.4375
60,1697608365,0.04663086,-0.99420166,0.26019287,0.359375,-2.609375,0.484375
61,1697608405,0.06665039,-0.9793091,0.27166748,-0.46875,-2.5,-0.53125
62,1697608445,0.06347656,-0.9859009,0.25823975,-0.5,-1.046875,-1.234375
63,1697608485,0.05102539,-0.96588135,0.2662964,0.78125,-1.21875,-0.96875
64,1697608525,0.048095703,-0.98443604,0.2843628,1.4375,-2.140625,-1.046875
65,1697608565,0.041259766,-0.9710083,0.2567749,-1.921875,-2.859375,-0.71875
66,1697608605,0.03173828,-0.975647,0.28851318,1.78125,-2.234375,0.109375
67,1697608645,0.025634766,-1.008606,0.27996826,1.328125,-0.125,0.53125
68,1697608685,0.053955078,-0.9846802,0.26190186,1.25,-1.609375,0.15625
69,1697608725,0.057128906,-0.9619751,0.27093506,0.609375,0.171875,-0.640625
70,1697608765,0.045654297,-1.0010376,0.24993896,-1.046875,0.5625,-0.84375
71,1697608805,0.060791016,-0.97442627,0.29119873,0.640625,1.140625,-0.421875
72,1697608845,0.037353516,-0.99420166,0.3114624,3.53125,6.6875,2.3125
73,1697608885,0.034423828,-0.98272705,0.26068115,-0.890625,1.671875,2.171875
74,1697608925,0.049560547,-0.9456177,0.26556396,-0.546875,-1.984375,-0.421875
75,1697608965,0.045166016,-0.99713135,0.26531982,0.625,-1.0625,-2.4375
76,1697609005,0.034179688,-1.0007935,0.27850342,1.515625,-2.359375,-0.875
77,1697609045,0.05029297,-0.97906494,0.27801514,0.578125,-2.078125,-0.453125
78,1697609085,0.045410156,-1.000061,0.26531982,-0.171875,0.015625,0.484375
79,1697609125,0.045410156,-0.95758057,0.2838745,2.078125,-0.5,-0.09375
80,1697609165,0.033447266,-0.9961548,0.27825928,2.125,-0.125,0.25
81,1697609205,0.049560547,-0.95880127,0.27044678,-1.21875,-1.9375,-0.84375
82,1697609245,0.04345703,-0.98760986,0.29144287,2.0,-1.171875,0.453125
83,1697609285,0.041259766,-0.9985962,0.27142334,0.703125,-0.546875,0.578125
84,1697609325,0.052246094,-0.9819946,0.26678467,0.078125,-0.59375,-0.5
85,1697609365,0.036132812,-0.9837036,0.28289795,1.25,-0.6875,0.0
86,1697609405,0.060302734,-0.9795532,0.27264404,0.75,-0.21875,0.296875
87,1697609445,0.043945312,-0.9854126,0.27020264,-0.609375,-0.203125,0.421875
88,1697609485,0.03857422,-0.98101807,0.28656006,0.984375,-0.828125,-0.015625
89,1697609525,0.040039062,-0.9873657,0.27801514,-1.125,-1.328125,-0.4375
90,1697609565,0.041015625,-0.97320557,0.28631592,0.375,-0.28125,0.0625
91,1697609605,0.049072266,-0.9854126,0.27044678,0.4375,-0.5625,0.109375
92,1697609645,0.05126953,-0.9758911,0.26971436,0.53125,-1.140625,-0.328125
93,1697609685,0.041503906,-0.97979736,0.277771,0.875,-0.171875,0.109375
94,1697609725,0.041503906,-0.9788208,0.27264404,-0.34375,-0.25,0.046875
95,1697609765,0.05102539,-0.98101807,0.2838745,0.296875,-1.890625,-0.796875
96,1697609805,0.04638672,-0.98028564,0.2699585,-0.84375,-1.1875,-1.046875
97,1697609845,0.052001953,-0.9697876,0.27557373,-2.9375,-2.609375,-2.453125
98,1697609885,0.023925781,-0.99176025,0.31732178,0.875,-1.421875,-0.140625
99,1697609925,0.04248047,-0.99468994,0.29852295,-1.296875,-2.40625,-0.375
100,1697609965,0.032226562,-1.0032349,0.31707764,-6.765625,-3.5,-1.140625
101,1697610005,0.055419922,-0.97784424,0.3143921,-6.4375,0.515625,-1.703125
102,1697610045,-0.0075683594,-0.98028564,0.28094482,0.640625,-2.671875,-0.390625
103,1697610085,0.020263672,-0.9446411,0.32781982,10.328125,-0.53125,2.390625
104,1697610125,0.05419922,-0.9483032,0.25872803,3.75,3.078125,1.96875
105,1697610165,0.033447266,-0.97247314,0.25164795,0.859375,0.875,0.5625
106,1697610205,0.05126953,-0.97369385,0.2682495,5.53125,2.140625,1.140625
107,1697610245,0.04248047,-0.99346924,0.30047607,6.5,0.703125,1.46875
108,1697610285,0.041503906,-0.9976196,0.29608154,3.125,-2.046875,2.140625
109,1697610325,0.06591797,-0.975647,0.24822998,-1.28125,-1.828125,0.015625
110,1697610365,0.048339844,-0.9607544,0.27581787,0.234375,-1.140625,-0.71875
111,1697610405,0.030029297,-0.9890747,0.29656982,2.6875,0.875,0.484375
112,1697610445,0.02758789,-0.9981079,0.25482178,0.4375,0.703125,1.109375
113,1697610485,0.049316406,-0.95513916,0.2633667,-0.09375,-1.34375,-0.796875
114,1697610525,0.041503906,-0.98443604,0.28411865,2.34375,0.234375,0.375
115,1697610565,0.048828125,-0.9981079,0.28607178,1.90625,-0.1875,0.578125
116,1697610605,0.057373047,-0.9817505,0.27386475,0.0,-0.8125,-0.4375
117,1697610645,0.045166016,-0.9817505,0.2699585,0.625,-0.34375,-0.203125
118,1697610685,0.04296875,-0.98516846,0.2633667,0.203125,-0.625,0.6875
119,1697610725,0.041992188,-0.97247314,0.26287842,-0.5,-0.796875,-0.515625
120,1697610765,0.04638672,-0.991272,0.2662964,0.484375,-2.265625,-0.828125
121,1697610805,0.05419922,-0.99102783,0.27825928,-0.265625,-1.234375,-1.125
122,1697610845,0.03857422,-0.97857666,0.27142334,-0.140625,-0.234375,-0.078125
123,1697610885,0.03564453,-0.9649048,0.26361084,0.421875,-1.484375,-0.421875
124,1697610925,0.0390625,-0.97784424,0.2753296,0.40625,-2.3125,-1.203125
125,1697610965,0.0390625,-0.9885864,0.28631592,1.390625,-0.46875,0.625
126,1697611005,0.049560547,-0.991272,0.2748413,-0.296875,-0.015625,0.296875
127,1697611045,0.024169922,-0.9885864,0.26385498,1.28125,-0.703125,0.953125
128,1697611085,0.052246094,-0.9680786,0.25726318,1.046875,-0.015625,-0.71875
129,1697611125,0.056640625,-0.989563,0.28070068,0.9375,0.328125,-0.453125
130,1697611165,0.052978516,-0.99005127,0.27947998,1.75,0.15625,0.65625
131,1697611205,0.03930664,-0.98394775,0.27679443,-1.5,-0.8125,-0.1875
132,1697611245,0.035888672,-0.9793091,0.27069092,0.171875,-0.546875,-0.46875
133,1697611285,0.037109375,-0.98272705,0.27679443,-1.046875,-1.890625,-1.171875
134,1697611325,0.037597656,-0.9805298,0.2802124,-0.828125,-2.109375,-1.125
135,1697611365,0.034423828,-0.9751587,0.2855835,-0.40625,-0.96875,0.234375
136,1697611405,0.038085938,-0.9885864,0.27703857,-1.21875,-1.4375,-0.15625
137,1697611445,0.039794922,-0.99224854,0.29852295,-1.671875,-1.84375,-0.828125
138,1697611485,0.03491211,-0.9963989,0.30267334,-2.265625,-0.671875,-1.046875
139,1697611525,0.040039062,-0.9788208,0.29632568,-0.234375,-1.546875,-0.46875
140,1697611565,0.027832031,-0.97613525,0.2802124,-1.34375,-0.328125,-0.015625
141,1697611605,0.020263672,-0.9734497,0.2670288,-3.71875,0.53125,0.546875
142,1697611645,0.006591797,-0.98272705,0.3085327,-2.015625,1.390625,3.578125
143,1697611685,0.037109375,-0.9937134,0.29974365,0.515625,4.109375,2.59375
144,1697611725,0.09277344,-0.97320557,0.30584717,0.390625,0.953125,-0.65625
145,1697611765,0.076416016,-0.96343994,0.31341553,2.1875,0.546875,-0.953125
146,1697611805,0.07446289,-0.9534302,0.27166748,0.90625,-2.71875,-1.53125
147,1697611845,0.04638672,-0.9505005,0.2814331,1.46875,-3.78125,-1.5
148,1697611885,0.021972656,-0.99102783,0.29266357,3.046875,-3.234375,-0.625
149,1697611925,0.009033203,-1.0015259,0.291687,1.453125,-3.359375,-0.046875
150,1697611965,0.011474609,-1.0027466,0.2946167,0.9375,-1.46875,0.75
151,1697612005,0.04321289,-0.96466064,0.2843628,-0.203125,0.59375,1.046875
152,1697612045,0.052490234,-0.954895,0.29925537,-0.6875,0.984375,0.5625
153,1697612085,0.036865234,-0.9710083,0.29974365,2.453125,0.671875,-0.046875
154,1697612125,0.044921875,-0.9776001,0.28607178,2.375,-1.59375,-0.96875
155,1697612165,0.041503906,-0.972229,0.28997803,2.765625,-1.21875,-0.734375
156,1697612205,0.049804688,-0.97247314,0.27069092,0.984375,-0.140625,-0.1875
157,1697612245,0.041015625,-0.9492798,0.2904663,5.546875,1.78125,1.015625
158,1697612285,0.049560547,-0.99713135,0.2831421,7.703125,6.484375,2.234375
159,1697612325,0.0546875,-1.0003052,0.29241943,5.765625,1.9375,3.734375
160,1697612365,-0.008544922,-1.0127563,0.27435303,1.40625,-4.484375,2.5
161,1697612405,0.05102539,-0.9595337,0.26361084,0.59375,-2.796875,-1.3125
162,1697612445,0.048828125,-0.98760986,0.26068115,1.5,0.1875,-0.921875
163,1697612485,0.05834961,-0.9890747,0.24945068,0.921875,-0.015625,-0.875
164,1697612525,0.07348633,-0.98638916,0.24603271,-0.53125,2.6875,0.578125
165,1697612565,0.079589844,-0.9746704,0.2711792,1.609375,3.859375,1.6875
166,1697612605,0.04638672,-0.9898071,0.2753296,0.921875,1.375,1.546875
167,1697612645,0.043701172,-0.9824829,0.28485107,1.84375,1.765625,-0.53125
168,1697612685,0.052978516,-0.9898071,0.2675171,1.1875,2.203125,-0.671875
169,1697612725,0.04345703,-0.9697876,0.26507568,2.0,-1.65625,-0.40625
170,1697612765,0.06201172,-0.9776001,0.24041748,0.75,-0.71875,-0.578125
171,1697612805,0.056640625,-0.9776001,0.24749756,1.25,-0.6875,-0.171875
172,1697612845,0.051513672,-1.0010376,0.2543335,2.015625,-1.734375,0.015625
173,1697612885,0.06542969,-0.9800415,0.24310303,-2.890625,-1.890625,-1.21875
174,1697612925,0.051757812,-0.9751587,0.26605225,1.21875,-2.1875,-0.09375
175,1697612965,0.05908203,-0.9771118,0.26141357,-0.84375,-1.625,-0.09375
176,1697613005,0.04663086,-1.0120239,0.2609253,-0.53125,-1.25,0.34375
177,1697613045,0.041748047,-0.9976196,0.25897217,0.765625,-0.171875,-0.078125
178,1697613085,0.053466797,-0.97735596,0.24847412,-0.78125,-0.3125,-0.453125
179,1697613125,0.055908203,-0.9673462,0.24407959,-1.828125,0.484375,-1.09375
180,1697613165,0.055419922,-1.0012817,0.2753296,0.71875,2.625,0.765625
181,1697613205,0.072021484,-0.98883057,0.28289795,1.453125,4.375,0.484375
182,1697613245,0.047851562,-0.9829712,0.28070068,-1.015625,2.6875,-0.578125
183,1697613285,0.038330078,-0.956604,0.26849365,0.40625,0.984375,-1.34375
184,1697613325,0.059326172,-0.975647,0.24822998,0.4375,-1.8125,-0.453125
185,1697613365,0.05444336,-0.9951782,0.26776123,0.25,-1.21875,-0.046875
186,1697613405,0.05126953,-0.9907837,0.26531982,0.75,-2.609375,-0.03125
187,1697613445,0.048095703,-0.97442627,0.25042725,-1.078125,-2.3125,-1.078125
188,1697613485,0.044677734,-0.9834595,0.2855835,0.46875,-2.40625,-0.796875
189,1697613525,0.047607422,-1.0025024,0.28167725,1.96875,-1.09375,0.34375
190,1697613565,0.055908203,-0.9932251,0.2682495,-0.015625,-1.46875,0.265625
191,1697613605,0.056640625,-0.96881104,0.2711792,1.8125,-1.03125,-0.390625
192,1697613645,0.05029297,-0.98394775,0.26116943,0.09375,-1.234375,-0.28125
193,1697613685,0.043945312,-0.9800415,0.26678467,0.34375,-1.0625,-0.046875
194,1697613725,0.040527344,-0.9973755,0.27313232,1.328125,-0.265625,0.921875
195,1697613765,0.050048828,-0.9849243,0.27142334,0.53125,-1.359375,0.28125
196,1697613805,0.049316406,-0.9834595,0.26776123,0.375,-0.640625,-0.078125
197,1697613845,0.04638672,-0.9871216,0.26727295,1.171875,-1.0,-0.171875
198,1697613885,0.05419922,-0.99102783,0.2772827,1.15625,-0.859375,-0.109375
199,1697613925,0.049804688,-0.9890747,0.25994873,0.328125,-0.65625,0.40625
200,1697613965,0.046142578,-0.96417236,0.27996826,1.203125,-1.21875,0.046875
201,1697614005,0.043945312,-1.0042114,0.25946045,2.109375,0.03125,0.671875
202,1697614045,0.057861328,-0.9702759,0.2662964,-1.921875,-2.15625,-0.9375
203,1697614085,0.038330078,-0.99005127,0.28411865,2.484375,-1.4375,-0.078125
204,1697614125,0.05102539,-0.9907837,0.26312256,0.25,-1.84375,-0.234375
205,1697614165,0.044189453,-0.9751587,0.27191162,0.453125,-1.3125,-0.609375
206,1697614205,0.041748047,-0.9873657,0.25897217,0.328125,-1.34375,-0.0625
207,1697614245,0.045166016,-0.98760986,0.26531982,-0.53125,-1.859375,-0.375
208,1697614285,0.044189453,-0.98931885,0.2723999,0.65625,-1.09375,0.09375
209,1697614325,0.052246094,-0.9685669,0.2662964,0.53125,-0.8125,-0.21875
210,1697614365,0.041259766,-0.9817505,0.2699585,-0.546875,0.140625,0.015625
211,1697614405,0.027832031,-0.9902954,0.26531982,0.671875,0.0,0.515625
212,1697614445,0.038330078,-0.9854126,0.2670288,0.25,-0.625,0.125
213,1697614485,0.051757812,-0.98760986,0.26263428,-1.296875,-0.15625,-0.171875
214,1697614525,0.056640625,-0.9758911,0.2819214,-0.3125,0.015625,0.0
215,1697614565,0.041015625,-0.9873657,0.2723999,0.703125,-0.71875,0.796875
216,1697614605,0.060791016,-0.96417236,0.26605225,-2.265625,-1.625,-0.5
217,1697614645,0.044677734,-0.9834595,0.29559326,1.59375,0.5625,0.75
218,1697614685,0.052490234,-0.99591064,0.28460693,1.640625,-1.625,0.609375
219,1697614725,0.052490234,-0.9817505,0.27191162,0.421875,-1.125,0.125
220,1697614765,0.05053711,-0.98687744,0.26971436,1.890625,0.265625,0.265625
221,1697614805,0.036865234,-0.9800415,0.26239014,-1.71875,-0.765625,-0.0625
222,1697614845,0.045898438,-0.9805298,0.2741089,0.484375,-0.21875,0.234375
223,1697614885,0.05517578,-0.9890747,0.27923584,1.71875,1.21875,-0.296875
224,1697614925,0.05078125,-0.9783325,0.2687378,-0.59375,-0.171875,-0.8125
225,1697614965,0.037597656,-0.9819946,0.27337646,0.90625,-0.0625,-0.203125
226,1697615005,0.037841797,-0.96832275,0.27581787,1.328125,-0.03125,0.1875
227,1697615045,0.04638672,-0.98321533,0.27947998,1.78125,-0.453125,0.140625
228,1697615085,0.051757812,-0.9998169,0.28607178,0.796875,-0.1875,-0.40625
229,1697615125,0.03491211,-0.9819946,0.29730225,1.0625,-0.96875,0.421875
230,1697615165,0.041259766,-0.9939575,0.24749756,-4.40625,-0.765625,-0.4375
231,1697615205,0.061279297,-0.958313,0.2699585,-3.0625,-3.921875,-2.0625
232,1697615245,0.047607422,-0.99420166,0.30511475,2.25,1.984375,-0.75
233,1697615285,0.037841797,-0.99542236,0.27191162,-0.46875,0.921875,0.59375
234,1697615325,0.045410156,-0.95758057,0.29022217,0.015625,-1.359375,-0.28125
235,1697615365,0.040039062,-0.9795532,0.29486084,0.609375,-0.109375,-0.453125
236,1697615405,0.04345703,-0.98687744,0.28826904,0.4375,-0.609375,-0.203125
237,1697615445,0.05126953,-0.98443604,0.29193115,-0.109375,-1.515625,0.078125
238,1697615485,0.036621094,-0.97125244,0.28875732,-1.6875,-1.65625,-0.46875
239,1697615525,0.03491211,-0.97857666,0.28948975,1.125,-0.34375,-0.546875
240,1697615565,0.03515625,-0.9771118,0.2850952,0.25,-0.625,-0.59375
241,1697615605,0.04345703,-0.9873657,0.3007202,1.3125,-0.578125,-0.28125
242,1697615645,0.049316406,-0.99420166,0.2880249,-0.5,0.03125,0.234375
243,1697615685,0.053955078,-0.9590454,0.30340576,0.28125,-0.46875,-0.25
244,1697615725,0.026611328,-0.9920044,0.2838745,0.65625,-0.34375,0.109375
245,1697615765,0.046875,-0.96832275,0.26898193,-3.328125,-1.109375,-1.21875
246,1697615805,0.025146484,-1.0076294,0.3180542,0.734375,2.125,0.140625
247,1697615845,0.04296875,-0.9951782,0.28704834,-1.859375,0.265625,0.4375
248,1697615885,0.048828125,-0.9402466,0.29193115,-2.203125,-4.265625,-1.265625
249,1697615925,0.0061035156,-0.9993286,0.3078003,-1.359375,-3.71875,-0.828125
250,1697615965,0.03930664,-0.9920044,0.3156128,-2.359375,-4.4375,-1.328125
251,1697616005,0.043701172,-0.9956665,0.31781006,0.3125,-2.046875,-0.5
252,1697616045,0.036132812,-0.987854,0.3222046,1.734375,-0.28125,0.703125
253,1697616085,0.028564453,-0.9541626,0.31243896,-1.375,-1.5625,0.578125
254,1697616125,0.017578125,-0.9470825,0.30267334,-0.953125,-1.5,0.265625
255,1697616165,0.03100586,-0.97857666,0.32733154,2.015625,0.09375,0.296875
256,1697616205,0.032958984,-0.98638916,0.30975342,1.1875,-0.953125,0.09375
257,1697616245,0.03173828,-0.96588135,0.31195068,0.734375,-0.421875,0.96875
258,1697616285,0.040771484,-0.9570923,0.29022217,0.375,-0.59375,0.125
259,1697616325,0.048828125,-0.96221924,0.30023193,3.078125,-0.296875,0.078125
260,1697616365,0.038085938,-0.99005127,0.30975342,1.296875,-0.15625,0.796875
261,1697616405,0.03466797,-0.9776001,0.30267334,0.953125,-0.5,0.734375
262,1697616445,0.047851562,-0.9690552,0.3102417,1.40625,-0.28125,-0.015625
263,1697616485,0.03515625,-0.96221924,0.29901123,1.484375,-0.25,-0.078125
264,1697616525,0.03881836,-0.9692993,0.29534912,0.734375,-0.859375,-0.421875
265,1697616565,0.030761719,-0.975647,0.30047607,0.21875,-0.4375,-0.078125
266,1697616605,0.03881836,-0.98809814,0.3036499,1.75,-1.1875,-0.09375
267,1697616645,0.04296875,-0.973938,0.2994995,0.28125,-0.9375,-0.21875
268,1697616685,0.044677734,-0.9727173,0.30389404,1.078125,0.1875,0.015625
269,1697616725,0.029785156,-0.97906494,0.2999878,1.1875,-0.8125,0.109375
270,1697616765,0.044433594,-0.97442627,0.29193115,0.15625,-0.734375,-0.359375
271,1697616805,0.032714844,-0.95440674,0.29022217,3.46875,2.421875,0.25
272,1697616845,0.04248047,-0.9805298,0.2855835,7.40625,6.25,1.75
273,1697616885,0.045654297,-0.98443604,0.30633545,9.875,3.921875,3.21875
274,1697616925,0.020507812,-1.0249634,0.2831421,5.25,0.828125,3.640625
275,1697616965,0.05834961,-0.9944458,0.2506714,-1.640625,-0.6875,-0.140625
276,1697617005,0.08544922,-0.96221924,0.27801514,1.8125,3.84375,-2.125
277,1697617045,0.055908203,-1.0010376,0.28729248,7.421875,4.71875,2.75
278,1697617085,0.056152344,-0.9534302,0.25360107,2.0625,2.34375,2.484375
279,1697617125,0.060302734,-0.96832275,0.27850342,0.03125,1.1875,0.03125
280,1697617165,0.039794922,-1.0042114,0.26898193,0.375,-0.59375,0.203125
281,1697617205,0.0546875,-0.9795532,0.2682495,0.1875,-0.359375,-1.90625
282,1697617245,0.048828125,-0.9915161,0.24285889,0.875,-0.328125,-1.765625
283,1697617285,0.059814453,-1.0122681,0.24725342,0.296875,-0.390625,1.390625
284,1697617325,0.068359375,-0.9805298,0.25164795,-0.234375,-0.09375,1.71875
285,1697617365,0.063964844,-0.98809814,0.25506592,-0.734375,-1.3125,1.359375
286,1697617405,0.07104492,-0.96661377,0.2592163,-2.90625,-0.84375,-0.421875
287,1697617445,0.043945312,-0.9981079,0.28656006,-0.0625,-1.234375,0.71875
288,1697617485,0.064941406,-0.98516846,0.28533936,0.46875,-1.65625,0.828125
289,1697617525,0.0690918,-0.9829712,0.25823975,-2.046875,-1.359375,0.546875
290,1697617565,0.05883789,-0.95758057,0.2687378,-0.421875,-0.359375,-1.09375
291,1697617605,0.053710938,-0.9780884,0.27386475,1.078125,0.1875,-0.65625
292,1697617645,0.07910156,-0.9673462,0.27386475,-0.78125,-0.34375,-1.609375
293,1697617685,0.06542969,-0.97857666,0.29974365,1.359375,-0.40625,-0.296875
294,1697617725,0.053466797,-0.9976196,0.28948975,-1.296875,1.828125,0.25
295,1697617765,0.057861328,-0.9783325,0.26361084,-0.9375,-0.671875,0.625
296,1697617805,0.057128906,-0.9585571,0.28216553,1.21875,-2.234375,-1.34375
297,1697617845,0.05834961,-1.0015259,0.2711792,1.703125,-0.296875,-0.734375
298,1697617885,0.055908203,-0.975647,0.28094482,0.53125,-0.9375,-0.234375
299,1697617925,0.041503906,-0.98687744,0.2772827,1.4375,-1.171875,0.921875
300,1697617965,0.056152344,-0.97076416,0.26776123,-0.390625,-1.4375,-0.609375
301,1697618005,0.061279297,-0.98321533,0.2929077,2.765625,-0.015625,0.5625
302,1697618045,0.060546875,-0.99884033,0.276062,-0.359375,-0.28125,0.984375
303,1697618085,0.06323242,-0.97052,0.2753296,-0.734375,-0.3125,0.296875
304,1697618125,0.05859375,-0.9690552,0.26922607,-0.125,-0.25,-0.203125
305,1697618165,0.05859375,-0.9680786,0.28167725,1.609375,-0.578125,0.203125
306,1697618205,0.052246094,-0.98394775,0.28533936,1.75,-1.34375,0.34375
307,1697618245,0.06933594,-0.9846802,0.2802124,0.328125,-2.125,0.265625
308,1697618285,0.05834961,-0.96954346,0.2789917,-0.03125,-1.875,-0.625
309,1697618325,0.06298828,-0.98101807,0.27166748,1.125,-1.703125,-0.796875
310,1697618365,0.06274414,-0.9717407,0.28607178,0.921875,-2.265625,-0.90625
311,1697618405,0.05517578,-0.98321533,0.27801514,-2.890625,-0.78125,-0.46875
312,1697618445,0.040039062,-0.9668579,0.27923584,-0.90625,-2.015625,-0.328125
313,1697618485,0.036132812,-0.9990845,0.28070068,-0.15625,-0.34375,0.4375
314,1697618525,0.05493164,-0.973938,0.2555542,-3.84375,-1.84375,-2.078125
315,1697618565,0.050048828,-0.9751587,0.32513428,0.828125,0.765625,0.25
316,1697618605,0.052246094,-0.9961548,0.29486084,0.484375,3.828125,1.0
317,1697618645,0.056396484,-0.97198486,0.30218506,-0.078125,-0.75,1.9375
318,1697618685,0.07739258,-0.9495239,0.29681396,-0.03125,-0.8125,-1.953125
319,1697618725,0.04272461,-1.0066528,0.31536865,1.09375,1.15625,1.28125
320,1697618765,0.052734375,-0.9927368,0.28094482,0.4375,-0.625,0.890625
321,1697618805,0.05444336,-0.97491455,0.27093506,-1.3125,-2.84375,-0.015625
322,1697618845,0.060058594,-0.97442627,0.2929077,0.625,-0.328125,-0.359375
323,1697618885,0.03955078,-0.98809814,0.2789917,-1.5,0.671875,1.578125
324,1697618925,0.07104492,-0.96343994,0.29412842,-0.875,-0.59375,0.375
325,1697618965,0.0690918,-0.9651489,0.3053589,-1.046875,-0.234375,-0.53125
326,1697619005,0.06518555,-0.9793091,0.32391357,-4.0,-3.71875,-1.65625
327,1697619045,0.053466797,-0.9837036,0.32147217,-3.796875,-4.46875,-2.203125
328,1697619085,0.04296875,-0.9817505,0.3085327,-1.578125,-3.875,-2.171875
329,1697619125,0.048583984,-0.975647,0.34320068,2.046875,-1.015625,-0.1875
330,1697619165,0.046142578,-0.99664307,0.31829834,0.875,0.46875,1.0
331,1697619205,0.04248047,-0.9783325,0.29364014,-2.15625,-2.921875,-0.6875
332,1697619245,0.033447266,-0.9627075,0.3078003,-0.015625,-3.28125,-2.046875
333,1697619285,0.038085938,-0.9661255,0.32122803,3.9375,-1.96875,-0.84375
334,1697619325,0.052246094,-0.97906494,0.32537842,0.71875,-0.34375,0.5
335,1697619365,0.04248047,-0.9788208,0.31292725,-0.21875,-0.953125,0.578125
336,1697619405,0.045166016,-0.96759033,0.3060913,1.109375,-2.9375,-0.421875
337,1697619445,0.036376953,-0.95513916,0.29925537,1.0625,-2.09375,-0.640625
338,1697619485,0.036376953,-0.9741821,0.2958374,3.0,-0.140625,0.15625
339,1697619525,0.056396484,-0.9492798,0.3012085,2.890625,-0.546875,0.421875
340,1697619565,0.056152344,-0.96588135,0.31463623,9.96875,4.09375,1.515625
341,1697619605,0.048828125,-1.0227661,0.3366089,10.34375,4.359375,3.796875
342,1697619645,0.036376953,-0.9968872,0.25872803,-1.953125,-2.453125,2.03125
343,1697619685,0.064453125,-0.95147705,0.23919678,-4.03125,-6.28125,-2.640625
344,1697619725,0.060546875,-0.9668579,0.32513428,4.171875,2.796875,-1.78125
345,1697619765,0.036132812,-1.0164185,0.2982788,2.671875,3.875,1.859375
346,1697619805,0.044677734,-0.956604,0.2658081,-3.515625,-2.96875,0.640625
347,1697619845,0.056396484,-0.9500122,0.28826904,1.28125,-2.15625,-1.734375
348,1697619885,0.05517578,-1.0056763,0.2975464,4.046875,2.796875,-0.453125
349,1697619925,0.042236328,-1.0044556,0.2921753,-0.203125,-0.421875,1.21875
350,1697619965,0.05859375,-0.973938,0.29144287,-0.796875,-1.578125,0.03125
351,1697620005,0.045654297,-0.97369385,0.28363037,1.1875,0.421875,-0.015625
352,1697620045,0.048095703,-0.96099854,0.28631592,1.234375,-0.578125,0.078125
353,1697620085,0.052001953,-0.9793091,0.28582764,1.125,-0.765625,0.5625
354,1697620125,0.06225586,-0.98223877,0.28289795,1.4375,-1.328125,0.1875
355,1697620165,0.05834961,-0.98321533,0.27972412,0.375,-0.453125,-0.15625
356,1697620205,0.051757812,-0.97198486,0.2748413,-0.375,0.03125,-0.046875
357,1697620245,0.044677734,-0.98101807,0.2868042,2.71875,0.234375,0.21875
358,1697620285,0.057861328,-0.9819946,0.27874756,-2.296875,-0.921875,-0.078125
359,1697620325,0.06201172,-0.97320557,0.3024292,0.71875,-2.03125,0.015625
360,1697620365,0.052246094,-0.9859009,0.30218506,2.109375,0.890625,0.71875
361,1697620405,0.049072266,-0.9780884,0.2772827,-1.375,-1.265625,-0.140625
362,1697620445,0.05078125,-0.97540283,0.29559326,0.40625,-2.09375,-0.359375
363,1697620485,0.05029297,-0.97540283,0.28778076,2.0,0.21875,0.234375
364,1697620525,0.04638672,-0.9751587,0.29486084,-0.921875,-0.75,0.1875
365,1697620565,0.06298828,-0.9678345,0.28289795,0.546875,-1.046875,-0.140625
366,1697620605,0.053222656,-0.975647,0.28826904,-0.25,-1.25,-0.375
367,1697620645,0.056640625,-0.99420166,0.26531982,-2.03125,0.09375,-0.734375
368,1697620685,0.04345703,-0.9788208,0.307312,1.421875,2.15625,0.546875
369,1697620725,0.053222656,-0.97857666,0.2753296,-0.609375,2.625,1.015625
370,1697620765,0.057373047,-0.9644165,0.3036499,0.234375,0.203125,0.515625
371,1697620805,0.046875,-0.97857666,0.29315186,-0.34375,0.609375,-0.34375
372,1697620845,0.0625,-0.96417236,0.3222046,3.515625,-0.859375,-0.390625
373,1697620885,0.053222656,-0.99102783,0.29852295,2.0,-1.15625,0.15625
374,1697620925,0.067871094,-0.95098877,0.2687378,-1.265625,-3.46875,-1.265625
375,1697620965,0.06274414,-0.98565674,0.28582764,2.875,-1.28125,-0.53125
376,1697621005,0.044677734,-0.9873657,0.28045654,0.3125,-0.34375,-0.140625
377,1697621045,0.053222656,-0.9783325,0.28167725,-0.828125,0.4375,-0.15625
378,1697621085,0.051757812,-0.97442627,0.29534912,1.578125,1.03125,0.203125
379,1697621125,0.049560547,-0.99053955,0.2789917,-0.265625,0.78125,0.125
380,1697621165,0.048095703,-0.9639282,0.28851318,-1.46875,-0.359375,0.125
381,1697621205,0.049560547,-0.9768677,0.30633545,1.796875,1.125,0.578125
382,1697621245,0.05102539,-0.99224854,0.30169678,1.109375,0.171875,0.859375
383,1697621285,0.061523438,-0.9697876,0.29779053,3.140625,-1.1875,-0.65625
384,1697621325,0.072509766,-0.9854126,0.27850342,1.8125,-0.84375,-0.40625
385,1697621365,0.063964844,-0.9710083,0.28338623,0.625,-1.546875,-1.125
386,1697621405,0.04321289,-0.9990845,0.28045654,1.171875,-0.46875,-0.328125
387,1697621445,0.049316406,-0.97540283,0.27166748,0.5,0.65625,-0.671875
388,1697621485,0.036376953,-0.9758911,0.2946167,1.5,1.0625,-0.03125
389,1697621525,0.042236328,-1.0066528,0.26507568,-1.703125,0.328125,-0.3125
390,1697621565,0.053466797,-0.96954346,0.2892456,-3.125,-1.984375,-1.625
391,1697621605,0.057128906,-0.9805298,0.30413818,1.09375,1.15625,-0.34375
392,1697621645,0.071777344,-0.973938,0.29241943,-1.0,1.265625,-0.421875
393,1697621685,0.056396484,-0.9690552,0.3007202,1.90625,-0.171875,-0.375
394,1697621725,0.040283203,-0.9849243,0.29119873,2.0625,-1.390625,-0.0625
395,1697621765,0.057128906,-0.97784424,0.29193115,0.796875,-1.640625,-0.34375
396,1697621805,0.05053711,-0.9795532,0.29486084,0.90625,-0.40625,0.890625
397,1697621845,0.044677734,-0.99298096,0.2838745,0.921875,-0.9375,0.75
398,1697621885,0.048828125,-0.97491455,0.26898193,-0.921875,-1.796875,-0.640625
399,1697621925,0.06665039,-0.9656372,0.2736206,0.515625,0.15625,-1.28125
400,1697621965,0.055908203,-0.98883057,0.30584717,1.59375,3.40625,-0.53125
401,1697622005,0.057617188,-0.99835205,0.3078003,2.765625,1.84375,1.078125
402,1697622045,0.034423828,-0.9932251,0.2748413,-0.9375,-1.609375,1.171875
403,1697622085,0.043945312,-0.9729614,0.27020264,-2.296875,-1.90625,0.234375
404,1697622125,0.030273438,-0.9710083,0.3078003,0.15625,-1.84375,0.359375
405,1697622165,0.057128906,-0.9639282,0.28582764,-0.546875,-1.625,-0.328125
406,1697622205,0.061523438,-0.96710205,0.30755615,0.5,-2.4375,-0.046875
407,1697622245,0.052246094,-0.9902954,0.31658936,0.5625,-0.84375,0.296875
408,1697622285,0.05102539,-0.97491455,0.2946167,0.6875,-1.625,-0.234375
409,1697622325,0.052001953,-0.9729614,0.2946167,0.78125,-1.609375,0.203125
410,1697622365,0.057617188,-0.973938,0.28460693,-0.078125,-2.046875,0.1875
411,1697622405,0.055419922,-0.97857666,0.28533936,-0.8125,-0.265625,-0.109375
412,1697622445,0.051513672,-0.97491455,0.29608154,0.9375,0.578125,0.15625
413,1697622485,0.040283203,-0.9800415,0.29559326,0.359375,-0.359375,-0.515625
414,1697622525,0.05126953,-0.9639282,0.29901123,0.953125,-0.96875,-0.546875
415,1697622565,0.049560547,-0.97198486,0.29974365,0.296875,0.03125,-0.359375
416,1697622605,0.03857422,-0.97735596,0.30267334,0.4375,-0.28125,0.265625
417,1697622645,0.041748047,-0.9837036,0.3143921,1.375,-0.0625,0.4375
418,1697622685,0.06298828,-0.9837036,0.3007202,-0.609375,-0.890625,0.328125
419,1697622725,0.053466797,-0.9668579,0.2699585,-3.25,-2.078125,-1.28125
420,1697622765,0.06347656,-0.9685669,0.293396,-0.15625,-0.53125,-2.15625
421,1697622805,0.050048828,-0.9795532,0.31488037,0.703125,4.125,0.328125
422,1697622845,0.022949219,-0.9768677,0.3209839,1.53125,2.25,1.90625
423,1697622885,0.05102539,-0.96832275,0.309021,-0.65625,-0.609375,0.546875
424,1697622925,0.06591797,-0.9546509,0.30755615,-1.25,-1.75,-0.296875
425,1697622965,0.048095703,-0.98272705,0.33441162,-1.890625,-0.546875,0.0625
426,1697623005,0.047607422,-0.9937134,0.35101318,-4.421875,-1.1875,1.703125
427,1697623045,0.02734375,-0.98516846,0.2929077,-8.75,-8.03125,-0.5625
428,1697623085,0.010253906,-0.9492798,0.33319092,5.15625,-6.234375,0.40625
429,1697623125,0.049804688,-1.0274048,0.35125732,4.40625,0.546875,2.421875
430,1697623165,0.05102539,-0.96466064,0.30877686,1.234375,-0.546875,2.125
431,1697623205,0.09838867,-0.95562744,0.31121826,6.3125,0.359375,-1.40625
432,1697623245,0.07324219,-0.96466064,0.27435303,4.84375,3.015625,1.078125
433,1697623285,0.06933594,-0.9365845,0.27557373,3.234375,1.359375,0.1875
434,1697623325,0.05444336,-0.9429321,0.2765503,1.6875,-1.734375,-0.9375
435,1697623365,0.049804688,-0.9812622,0.32928467,7.109375,-1.046875,0.75
436,1697623405,0.043945312,-1.0342407,0.30682373,2.359375,0.921875,2.84375
437,1697623445,0.06689453,-0.9668579,0.29241943,-1.375,-0.546875,1.25
438,1697623485,0.04296875,-0.9627075,0.2802124,-0.0625,0.15625,-0.390625
439,1697623525,0.041992188,-0.97442627,0.30096436,1.28125,-0.296875,0.15625
440,1697623565,0.057617188,-0.98321533,0.29437256,1.65625,0.609375,0.515625
441,1697623605,0.08569336,-0.9763794,0.2982788,0.0625,-0.46875,0.5
442,1697623645,0.09082031,-0.97857666,0.30023193,1.984375,-0.609375,0.421875
443,1697623685,0.068115234,-0.9636841,0.2814331,-0.984375,0.15625,-0.375
444,1697623725,0.06518555,-0.972229,0.2880249,0.109375,-2.3125,0.265625
445,1697623765,0.053466797,-0.98150635,0.31463623,1.921875,-1.796875,-0.234375
446,1697623805,0.06347656,-0.98272705,0.29974365,-0.75,-0.28125,-0.25
447,1697623845,0.052246094,-0.9656372,0.2831421,-0.03125,-0.96875,-0.78125
448,1697623885,0.05834961,-0.96539307,0.27850342,0.734375,-0.90625,-0.875
449,1697623925,0.064941406,-0.98272705,0.29119873,-0.09375,-0.125,-0.734375
450,1697623965,0.064208984,-0.9819946,0.30047607,0.78125,0.25,0.3125
451,1697624005,0.064208984,-0.9717407,0.28729248,1.265625,-0.6875,-0.0625
452,1697624045,0.079589844,-0.9595337,0.28704834,-1.796875,-1.5,-2.046875
453,1697624085,0.059570312,-0.9841919,0.31707764,4.34375,0.53125,-0.75
454,1697624125,0.059570312,-1.0088501,0.3007202,3.484375,1.65625,0.890625
455,1697624165,0.049804688,-0.9780884,0.27581787,-0.546875,0.234375,0.78125
456,1697624205,0.051513672,-0.9573364,0.28118896,0.34375,-1.390625,-0.1875
457,1697624245,0.05078125,-0.9805298,0.2843628,-1.015625,-0.796875,-0.125
458,1697624285,0.044677734,-0.975647,0.293396,-1.640625,-0.84375,-0.578125
459,1697624325,0.061279297,-0.9805298,0.3085327,0.09375,-0.25,-0.375
460,1697624365,0.056152344,-0.98638916,0.2909546,-1.03125,-1.421875,0.375
461,1697624405,0.07397461,-0.9780884,0.29193115,-0.734375,-2.234375,-0.75
462,1697624445,0.060791016,-0.9668579,0.31219482,-1.078125,-1.1875,-0.34375
463,1697624485,0.05053711,-0.98028564,0.31170654,1.015625,0.21875,0.359375
464,1697624525,0.047851562,-0.97369385,0.3012085,-1.84375,-2.5625,0.3125
465,1697624565,0.052246094,-0.960022,0.31854248,0.828125,-2.40625,-0.828125
466,1697624605,0.053955078,-0.9927368,0.30633545,0.296875,-0.640625,0.046875
467,1697624645,0.06567383,-0.97491455,0.3126831,-0.625,-1.546875,-0.25
468,1697624685,0.053222656,-0.98321533,0.3397827,4.578125,0.25,1.125
469,1697624725,0.05810547,-0.99835205,0.29656982,-1.015625,-0.796875,0.578125
470,1697624765,0.056640625,-0.9456177,0.31072998,-1.765625,-3.8125,-0.921875
471,1697624805,0.060058594,-0.96588135,0.324646,4.625,-0.484375,-1.015625
472,1697624845,0.048095703,-1.0037231,0.29534912,-1.828125,-2.625,0.078125
473,1697624885,0.045898438,-0.97369385,0.31878662,-0.171875,-1.84375,0.28125
474,1697624925,0.04321289,-0.9636841,0.29315186,0.71875,-1.140625,-2.0
475,1697624965,0.051757812,-0.9470825,0.3163452,3.1875,-1.53125,-2.140625
476,1697625005,0.04321289,-0.9849243,0.30584717,3.96875,0.4375,-0.484375
477,1697625045,0.05102539,-0.97784424,0.3053589,2.078125,-0.671875,0.75
478,1697625085,0.037353516,-0.9883423,0.27679443,0.40625,-0.25,-0.0625
479,1697625125,0.047851562,-0.9607544,0.28656006,0.96875,-0.359375,0.125
480,1697625165,0.0546875,-0.9534302,0.27435303,0.59375,-0.359375,-0.28125
481,1697625205,0.04296875,-0.9927368,0.29901123,1.484375,0.8125,0.75
482,1697625245,0.046875,-0.98101807,0.29364014,0.765625,0.8125,0.609375
483,1697625285,0.057128906,-0.9644165,0.3036499,0.3125,-1.0,-0.9375
484,1697625325,0.049560547,-0.9685669,0.2946167,0.859375,-0.65625,-0.328125
485,1697625365,0.052978516,-0.9446411,0.2753296,2.640625,-0.15625,-0.828125
486,1697625405,0.0546875,-0.97076416,0.2831421,5.296875,2.46875,-0.078125
487,1697625445,0.036376953,-1.0054321,0.31951904,8.375,2.0,3.015625
488,1697625485,0.03491211,-1.0227661,0.29656982,1.3125,-1.671875,2.4375
489,1697625525,0.057373047,-0.9692993,0.26385498,-1.359375,-3.484375,-0.609375
490,1697625565,0.0637207,-0.960022,0.25628662,0.609375,-2.3125,-1.640625
491,1697625605,0.04321289,-0.97076416,0.28631592,1.828125,0.046875,-0.09375
492,1697625645,0.05444336,-0.9927368,0.2789917,-1.0625,0.78125,0.203125
493,1697625685,0.057617188,-0.9624634,0.29364014,1.09375,-0.90625,-0.03125
494,1697625725,0.059326172,-0.9834595,0.28704834,1.5,-0.375,-0.84375
495,1697625765,0.06518555,-1.0010376,0.29486084,1.96875,-0.015625,-0.03125
496,1697625805,0.045898438,-0.9685669,0.28729248,1.390625,-0.5,1.34375
497,1697625845,0.03930664,-0.98516846,0.26483154,-1.40625,-1.90625,0.03125
498,1697625885,0.051513672,-0.96881104,0.2711792,0.78125,-2.109375,-0.453125
499,1697625925,0.056884766,-0.9841919,0.2843628,1.25,0.390625,-0.53125
500,1697625965,0.061767578,-0.97735596,0.28656006,1.71875,0.125,0.0625
501,1697626005,0.060791016,-0.9907837,0.29144287,1.984375,-0.640625,0.4375
502,1697626045,0.04711914,-0.97320557,0.27947998,-0.28125,-1.328125,0.125
503,1697626085,0.032226562,-0.9834595,0.2658081,-0.671875,-2.125,0.078125
504,1697626125,0.052734375,-0.9837036,0.26263428,-0.1875,-3.578125,0.03125
505,1697626165,0.06567383,-0.9795532,0.29071045,0.25,-1.28125,-0.3125
506,1697626205,0.06323242,-0.98760986,0.2789917,1.046875,1.921875,-0.3125
507,1697626245,0.06347656,-0.96759033,0.2999878,-0.46875,1.34375,-0.234375
508,1697626285,0.047607422,-0.9885864,0.28533936,2.828125,1.5625,0.4375
509,1697626325,0.052001953,-0.9690552,0.27166748,-2.265625,0.171875,-0.8125
510,1697626365,0.045654297,-0.9819946,0.2999878,2.0,0.890625,0.25
511,1697626405,0.0061035156,-1.0073853,0.25482178,-4.0625,1.78125,1.46875
512,1697626445,0.029296875,-0.9663696,0.2975464,1.421875,-0.84375,3.421875
513,1697626485,0.083984375,-0.95806885,0.2868042,2.859375,1.609375,-0.4375
514,1697626525,0.095947266,-0.98516846,0.27850342,0.3125,-1.546875,-0.71875
515,1697626565,0.08325195,-0.9717407,0.2868042,0.59375,-2.0,-0.4375
516,1697626605,0.057617188,-0.99713135,0.27825928,1.4375,-2.015625,1.421875
517,1697626645,0.05859375,-0.9849243,0.28533936,1.46875,-2.375,0.640625
518,1697626685,0.0637207,-0.9871216,0.2699585,0.65625,-1.28125,-0.28125
519,1697626725,0.057617188,-0.97198486,0.27435303,0.296875,-1.359375,-0.03125
520,1697626765,0.05834961,-0.9729614,0.2675171,-0.25,-0.921875,-0.21875
521,1697626805,0.06274414,-0.9758911,0.28118896,0.09375,-0.53125,0.125
522,1697626845,0.038085938,-1.0003052,0.28240967,0.734375,-1.34375,-0.65625
523,1697626885,0.06347656,-0.9780884,0.2645874,-2.125,-2.421875,-1.1875
524,1697626925,0.07519531,-0.96759033,0.307312,0.671875,-1.671875,-0.609375
525,1697626965,0.072265625,-0.99176025,0.29632568,0.671875,-0.09375,0.328125
526,1697627005,0.06274414,-0.97906494,0.29022217,-1.375,-1.796875,0.015625
527,1697627045,0.046875,-0.96710205,0.28875732,-1.5,-0.71875,-0.015625
528,1697627085,0.0390625,-0.97076416,0.27850342,-0.21875,-0.21875,-0.328125
529,1697627125,0.05444336,-0.9734497,0.28289795,-0.234375,-0.859375,-0.453125
530,1697627165,0.06958008,-0.97247314,0.30413818,0.859375,0.03125,-0.09375
531,1697627205,0.055908203,-0.9859009,0.29241943,-0.125,0.109375,-0.21875
532,1697627245,0.064941406,-0.9776001,0.2929077,0.0,-0.9375,-0.859375
533,1697627285,0.06323242,-0.9702759,0.29730225,0.984375,-0.84375,-1.03125
534,1697627325,0.05126953,-0.96661377,0.29315186,-0.359375,-0.328125,-0.71875
535,1697627365,0.025634766,-0.9924927,0.31536865,0.671875,0.078125,1.0
536,1697627405,0.036621094,-0.98883057,0.28363037,0.0,-1.8125,0.828125
537,1697627445,0.06323242,-0.9661255,0.29779053,0.578125,-3.328125,-1.203125
538,1697627485,0.059570312,-0.9817505,0.30755615,0.234375,0.53125,-0.4375
539,1697627525,0.055908203,-0.97442627,0.29193115,-1.21875,0.609375,0.25
540,1697627565,0.05517578,-0.9898071,0.30828857,3.53125,-0.703125,1.1875
541,1697627605,0.060058594,-0.98638916,0.31170654,3.265625,-1.03125,0.109375
542,1697627645,0.052246094,-0.9807739,0.3048706,1.515625,-0.546875,-0.625
543,1697627685,0.049560547,-0.9849243,0.2975464,2.34375,-0.984375,-0.5
544,1697627725,0.04321289,-0.98809814,0.2658081,0.5625,-3.078125,-0.375
545,1697627765,0.0637207,-0.96759033,0.277771,0.875,-1.921875,-0.5
546,1697627805,0.06274414,-1.0022583,0.2772827,0.53125,1.140625,0.21875
547,1697627845,0.053955078,-0.97662354,0.27923584,1.640625,1.203125,1.4375
548,1697627885,0.040771484,-0.9685669,0.28167725,1.15625,0.859375,1.53125
549,1697627925,0.044189453,-0.9624634,0.30926514,2.03125,-0.546875,0.5625
550,1697627965,0.055419922,-0.98809814,0.291687,-0.421875,-0.9375,0.40625
551,1697628005,0.068115234,-0.987854,0.29071045,1.515625,-1.484375,0.9375
552,1697628045,0.05419922,-0.9636841,0.2909546,-0.578125,-1.203125,-0.484375
553,1697628085,0.059814453,-0.9727173,0.27752686,1.53125,-0.578125,-0.4375
554,1697628125,0.059570312,-0.99298096,0.27923584,0.40625,0.390625,0.46875
555,1697628165,0.060791016,-0.973938,0.28216553,-1.15625,0.625,-0.796875
556,1697628205,0.05834961,-0.9915161,0.307312,1.875,0.390625,0.109375
557,1697628245,0.063964844,-0.98809814,0.28631592,0.390625,0.65625,0.171875
558,1697628285,0.06347656,-0.9644165,0.27557373,-1.125,-0.921875,-1.046875
559,1697628325,0.04272461,-0.97247314,0.2819214,-0.828125,-1.25,-1.59375
560,1697628365,0.048583984,-0.9807739,0.29022217,-0.140625,-0.625,0.09375
561,1697628405,0.045898438,-0.9871216,0.29266357,-2.03125,0.375,0.1875
562,1697628445,0.06274414,-0.97442627,0.30975342,0.09375,-0.640625,-0.265625
563,1697628485,0.05859375,-0.9829712,0.2994995,0.1875,0.34375,-0.421875
564,1697628525,0.061767578,-0.97076416,0.28631592,-0.90625,-0.875,-0.078125
565,1697628565,0.057373047,-0.9702759,0.2999878,-0.28125,-0.78125,0.203125
566,1697628605,0.057617188,-0.9678345,0.31365967,-1.484375,-1.0,-0.34375
567,1697628645,0.044677734,-0.9824829,0.3241577,-1.3125,-1.3125,0.40625
568,1697628685,0.030273438,-0.99053955,0.29510498,-1.328125,-2.546875,0.75
569,1697628725,0.048583984,-0.97052,0.3126831,-0.296875,-3.546875,-0.203125
570,1697628765,0.05419922,-0.98223877,0.31707764,0.609375,-1.984375,-0.703125
571,1697628805,0.04345703,-0.98223877,0.30999756,0.84375,-1.171875,-0.09375
572,1697628845,0.07348633,-0.98321533,0.33294678,4.25,1.40625,0.5625
573,1697628885,0.075683594,-1.0125122,0.30291748,-1.3125,1.328125,2.6875
574,1697628925,0.05029297,-0.9402466,0.28460693,-0.90625,-0.40625,0.265625
575,1697628965,0.026123047,-0.9602661,0.3241577,7.09375,0.546875,0.96875
576,1697629005,0.045410156,-0.9578247,0.30169678,4.109375,0.84375,0.5
577,1697629045,0.07446289,-0.9763794,0.3007202,0.453125,-2.328125,-0.671875
578,1697629085,0.06982422,-0.98028564,0.31170654,2.140625,-1.3125,0.03125
579,1697629125,0.061035156,-0.98883057,0.28216553,0.546875,-0.890625,0.421875
580,1697629165,0.057128906,-0.9522095,0.28460693,0.40625,-0.453125,-0.625
581,1697629205,0.047851562,-0.97735596,0.27264404,1.78125,-0.359375,-0.1875
582,1697629245,0.05419922,-0.9697876,0.29608154,0.859375,-1.4375,-0.203125
583,1697629285,0.06665039,-0.9849243,0.2987671,1.390625,0.6875,0.453125
584,1697629325,0.05908203,-0.9710083,0.27166748,0.375,-0.109375,0.453125
585,1697629365,0.051757812,-0.94903564,0.28045654,3.890625,1.328125,0.09375
586,1697629405,0.06518555,-0.98883057,0.29608154,6.40625,4.828125,2.125
587,1697629445,0.06225586,-0.9993286,0.2904663,5.453125,3.25,3.9375
588,1697629485,0.05859375,-1.0022583,0.27923584,0.921875,-0.140625,1.984375
589,1697629525,0.072265625,-0.9663696,0.27947998,1.125,-1.4375,-0.921875
590,1697629565,0.08105469,-0.97442627,0.26312256,2.171875,-2.078125,-1.65625
591,1697629605,0.07910156,-0.98443604,0.27093506,2.234375,-1.203125,0.03125
592,1697629645,0.07299805,-0.98516846,0.27215576,1.03125,1.40625,1.15625
593,1697629685,0.06347656,-0.9768677,0.25701904,0.609375,-0.453125,1.28125
594,1697629725,0.07836914,-0.96417236,0.2670288,1.46875,-0.703125,0.0625
595,1697629765,0.075683594,-0.97906494,0.262146,0.828125,-0.296875,-0.625
596,1697629805,0.08203125,-0.9678345,0.25286865,-1.046875,-2.125,-0.59375
597,1697629845,0.07128906,-0.9331665,0.2687378,-1.578125,-2.453125,-1.46875
598,1697629885,0.06640625,-1.0344849,0.291687,5.359375,1.578125,-0.453125
599,1697629925,0.08544922,-1.0261841,0.26531982,0.9375,1.5625,1.21875
600,1697629965,0.060791016,-0.9614868,0.28070068,1.46875,0.859375,0.96875
601,1697630005,0.06347656,-0.9859009,0.2489624,2.046875,2.171875,0.46875
602,1697630045,0.064941406,-0.940979,0.24066162,-1.953125,-1.453125,-0.3125
603,1697630085,0.061035156,-0.9651489,0.28216553,1.375,-1.765625,-0.453125
604,1697630125,0.060302734,-1.0176392,0.2765503,0.125,-0.671875,0.625
605,1697630165,0.07836914,-0.99835205,0.25408936,-0.046875,-1.640625,-0.9375
606,1697630205,0.08154297,-0.9710083,0.24261475,-1.15625,-1.375,-1.15625
607,1697630245,0.07763672,-0.97125244,0.2592163,0.65625,0.6875,0.6875
608,1697630285,0.076660156,-0.9824829,0.2682495,0.421875,1.546875,1.71875
609,1697630325,0.063964844,-0.97442627,0.28607178,0.390625,0.390625,1.921875
610,1697630365,0.07055664,-0.9849243,0.2880249,0.796875,-0.03125,-0.140625
611,1697630405,0.07519531,-0.99346924,0.27069092,-1.0625,-2.015625,-1.234375
612,1697630445,0.08496094,-0.95880127,0.25042725,-1.03125,-3.0625,-1.703125
613,1697630485,0.08642578,-0.96954346,0.2531128,-0.625,-0.234375,-1.203125
614,1697630525,0.08276367,-0.99542236,0.2694702,2.125,3.03125,0.65625
615,1697630565,0.07128906,-0.98394775,0.28533936,2.625,3.453125,1.359375
616,1697630605,0.057373047,-0.98101807,0.27166748,0.359375,0.015625,0.03125
617,1697630645,0.07421875,-0.9483032,0.2477417,-3.484375,-2.109375,-2.71875
618,1697630685,0.06933594,-0.9763794,0.29534912,1.671875,-2.484375,-1.421875
619,1697630725,0.06689453,-1.000061,0.2741089,0.53125,-3.0,0.765625
620,1697630765,0.06518555,-0.9846802,0.2579956,-0.890625,-2.96875,-0.734375
621,1697630805,0.07519531,-0.975647,0.26922607,1.484375,-0.953125,-0.953125
622,1697630845,0.0690918,-0.98883057,0.26776123,1.375,0.453125,0.015625
623,1697630885,0.07080078,-0.97613525,0.27044678,0.0625,-1.234375,0.609375
624,1697630925,0.07397461,-0.9951782,0.28582764,0.40625,-0.90625,0.234375
625,1697630965,0.05883789,-0.97320557,0.2687378,-0.140625,-2.125,-0.484375
626,1697631005,0.05883789,-0.9631958,0.2736206,-0.484375,-2.0625,-0.375
627,1697631045,0.059814453,-0.9885864,0.27044678,0.90625,-0.9375,0.21875
628,1697631085,0.07788086,-0.97857666,0.27801514,-0.03125,-1.703125,-0.609375
629,1697631125,0.07397461,-0.991272,0.2670288,-0.546875,-0.421875,-0.28125
630,1697631165,0.07495117,-0.9627075,0.26898193,0.265625,-0.109375,0.5
631,1697631205,0.055664062,-0.98565674,0.27557373,0.875,0.515625,0.53125
632,1697631245,0.06518555,-0.97442627,0.26409912,-1.3125,-0.9375,-0.203125
633,1697631285,0.05859375,-0.9800415,0.29071045,2.1875,-1.046875,-0.375
634,1697631325,0.07080078,-0.9885864,0.2802124,0.625,-0.09375,0.078125
635,1697631365,0.0703125,-0.9627075,0.26898193,-0.234375,-1.3125,-0.078125
636,1697631405,0.07128906,-0.9717407,0.2868042,1.53125,-1.296875,-0.8125
637,1697631445,0.068847656,-0.98931885,0.2753296,-0.28125,-0.28125,0.28125
638,1697631485,0.05883789,-0.9819946,0.2765503,-0.453125,-1.171875,-0.171875
639,1697631525,0.068603516,-0.9727173,0.2880249,0.640625,-1.265625,-0.375
640,1697631565,0.06298828,-0.98565674,0.28070068,0.078125,-0.53125,-0.078125
641,1697631605,0.0637207,-0.9812622,0.27923584,-0.125,-0.984375,0.109375
642,1697631645,0.06323242,-0.97662354,0.27874756,-0.296875,-1.109375,-0.21875
643,1697631685,0.055664062,-0.98443604,0.27972412,0.140625,-0.34375,0.25
644,1697631725,0.067871094,-0.9805298,0.28826904,0.40625,-1.453125,-0.03125
645,1697631765,0.06933594,-0.97857666,0.28363037,-0.453125,-0.84375,0.125
646,1697631805,0.06713867,-0.9763794,0.2929077,1.21875,-1.5625,-0.328125
647,1697631845,0.06933594,-0.98223877,0.28656006,0.125,-0.140625,-0.078125
648,1697631885,0.07055664,-0.9692993,0.27996826,-1.03125,-1.515625,-0.640625
649,1697631925,0.048828125,-0.9788208,0.30316162,1.796875,-0.75,0.375
650,1697631965,0.055419922,-0.98321533,0.2838745,0.375,-0.390625,0.4375
651,1697632005,0.064453125,-0.97369385,0.30023193,0.4375,-0.546875,0.0625
652,1697632045,0.059326172,-0.9768677,0.28240967,0.15625,-0.21875,0.484375
653,1697632085,0.06567383,-0.9727173,0.27459717,-0.953125,-0.8125,0.203125
654,1697632125,0.063964844,-0.9776001,0.28582764,1.015625,-0.875,0.109375
655,1697632165,0.07885742,-0.9898071,0.28607178,0.140625,-1.28125,-0.6875
656,1697632205,0.068359375,-0.98028564,0.2946167,-0.25,-1.0625,-1.25
657,1697632245,0.063964844,-0.9668579,0.29534912,0.515625,0.296875,-0.6875
658,1697632285,0.05859375,-0.9673462,0.29071045,0.75,0.4375,0.765625
659,1697632325,0.036376953,-0.9812622,0.30023193,0.5,-0.734375,0.359375
660,1697632365,0.05493164,-0.98516846,0.29412842,0.828125,-1.5,-0.15625
661,1697632405,0.06713867,-0.9741821,0.29437256,0.890625,-0.71875,-0.328125
662,1697632445,0.068603516,-0.9788208,0.29144287,0.59375,-0.09375,-0.078125
663,1697632485,0.07006836,-0.972229,0.27874756,0.015625,-0.25,0.34375
664,1697632525,0.07714844,-0.9627075,0.28656006,-0.390625,-0.96875,-0.671875
665,1697632565,0.061279297,-0.97906494,0.30511475,2.015625,0.296875,0.265625
666,1697632605,0.068603516,-0.99005127,0.29022217,-0.109375,0.234375,0.296875
667,1697632645,0.056884766,-0.9727173,0.2987671,0.21875,-0.375,-0.28125
668,1697632685,0.055664062,-0.9651489,0.2970581,0.875,-0.1875,-0.671875
669,1697632725,0.061035156,-0.9780884,0.28656006,0.546875,-1.546875,-0.640625
670,1697632765,0.06542969,-0.97198486,0.28778076,0.171875,-0.375,-0.5625
671,1697632805,0.07055664,-0.9780884,0.2904663,0.421875,-0.8125,-0.5
672,1697632845,0.061767578,-0.97076416,0.28778076,0.375,-1.65625,-0.65625
673,1697632885,0.05444336,-0.9729614,0.28900146,0.171875,-1.875,-0.578125
674,1697632925,0.07128906,-0.9771118,0.29925537,1.390625,-2.359375,-0.59375
675,1697632965,0.05053711,-0.98272705,0.3192749,1.125,-2.921875,-1.828125
676,1697633005,0.050048828,-0.9907837,0.3007202,-0.328125,-2.015625,-2.609375
677,1697633045,0.040527344,-0.96539307,0.2843628,-1.640625,-2.734375,-1.734375
678,1697633085,0.030517578,-0.96173096,0.3065796,-0.25,-1.390625,-0.75
679,1697633125,0.03540039,-0.9883423,0.28875732,-0.1875,-0.390625,-0.8125
680,1697633165,0.053955078,-0.9717407,0.2970581,-0.484375,-1.40625,-2.109375
681,1697633205,0.053955078,-0.9805298,0.31341553,0.46875,-0.984375,-1.640625
682,1697633245,0.041503906,-0.97247314,0.30706787,-0.796875,0.25,-0.328125
683,1697633285,0.028320312,-0.9644165,0.31488037,0.890625,0.359375,0.703125
684,1697633325,0.03881836,-0.9729614,0.3085327,0.75,-1.796875,-0.59375
685,1697633365,0.040039062,-0.9837036,0.2994995,-0.21875,-1.65625,-1.0
686,1697633405,0.037109375,-0.9758911,0.3131714,0.53125,0.359375,0.375
687,1697633445,0.04638672,-0.96881104,0.2987671,-2.046875,0.71875,1.234375
688,1697633485,0.03100586,-0.9668579,0.31610107,-0.1875,-0.375,1.140625
689,1697633525,0.033935547,-1.0049438,0.31756592,0.484375,1.078125,2.03125
690,1697633565,0.04272461,-0.9824829,0.2987671,0.234375,1.03125,2.09375
691,1697633605,0.052978516,-0.9553833,0.29974365,1.46875,-1.890625,0.59375
692,1697633645,0.05883789,-0.9680786,0.31195068,2.0,-1.578125,0.625
693,1697633685,0.038085938,-1.0315552,0.3319702,1.671875,-2.453125,2.140625
694,1697633725,0.068359375,-0.9573364,0.3139038,0.734375,-0.296875,1.203125
695,1697633765,0.06225586,-0.96221924,0.29486084,0.828125,0.3125,0.828125
696,1697633805,0.060546875,-0.95928955,0.31707764,2.578125,-1.453125,-0.09375
697,1697633845,0.036865234,-0.98565674,0.29681396,0.953125,-1.25,0.671875
698,1697633885,0.057617188,-0.97052,0.29656982,1.96875,-1.90625,0.0625
699,1697633925,0.06347656,-0.9612427,0.3065796,3.625,0.4375,0.1875
700,1697633965,0.052246094,-0.9734497,0.28240967,2.203125,0.3125,0.71875
701,1697634005,0.059814453,-0.9595337,0.27337646,2.109375,-0.984375,-0.234375
702,1697634045,0.059326172,-0.95928955,0.28338623,3.1875,-0.734375,0.015625
703,1697634085,0.060546875,-0.97198486,0.30145264,3.34375,0.171875,0.046875
704,1697634125,0.049072266,-1.0186157,0.31048584,3.9375,1.765625,1.390625
705,1697634165,0.057128906,-0.9985962,0.27972412,-0.453125,-0.125,1.625
706,1697634205,0.068115234,-0.96539307,0.26483154,-1.609375,-2.828125,-1.140625
707,1697634245,0.06982422,-0.9570923,0.2838745,1.203125,-1.484375,-1.734375
708,1697634285,0.061035156,-0.98760986,0.28997803,1.609375,1.875,0.125
709,1697634325,0.05908203,-0.99713135,0.28240967,0.390625,1.15625,0.96875
710,1697634365,0.072021484,-0.9636841,0.26922607,-1.34375,-1.84375,-1.09375
711,1697634405,0.051757812,-0.9668579,0.2897339,0.234375,-1.28125,-0.96875
712,1697634445,0.046142578,-0.9854126,0.2987671,1.890625,-0.6875,0.28125
713,1697634485,0.06298828,-0.97906494,0.28363037,-0.90625,-2.78125,-0.203125
714,1697634525,0.05810547,-0.97491455,0.27947998,-0.3125,-1.34375,-0.796875
715,1697634565,0.056152344,-0.9763794,0.27850342,1.828125,0.15625,-0.28125
716,1697634605,0.051757812,-0.97662354,0.2789917,0.03125,-0.90625,-0.203125
717,1697634645,0.059570312,-0.97857666,0.27923584,0.671875,-1.234375,-0.328125
718,1697634685,0.053710938,-0.987854,0.2929077,0.53125,0.15625,-0.015625
719,1697634725,0.05126953,-0.98883057,0.2929077,0.453125,1.015625,0.40625
720,1697634765,0.052978516,-0.97125244,0.28411865,0.140625,-1.03125,0.484375
721,1697634805,0.057617188,-0.9692993,0.2723999,-1.359375,-1.96875,-0.59375
722,1697634845,0.07055664,-0.9907837,0.31292725,0.6875,1.75,0.0625
723,1697634885,0.049072266,-1.0027466,0.293396,1.46875,1.953125,1.453125
724,1697634925,0.07421875,-0.96661377,0.28582764,-1.59375,-2.03125,-1.265625
725,1697634965,0.051513672,-0.9585571,0.2826538,0.34375,-0.96875,-1.71875
726,1697635005,0.056152344,-0.9758911,0.28533936,1.640625,-0.671875,-0.671875
727,1697635045,0.05102539,-0.97906494,0.27996826,0.203125,-0.953125,-0.234375
728,1697635085,0.047607422,-0.9817505,0.29144287,1.265625,-0.53125,0.109375
729,1697635125,0.052001953,-0.98443604,0.28485107,0.9375,0.40625,0.109375
730,1697635165,0.050048828,-0.9776001,0.2826538,-0.28125,-1.546875,-0.359375
731,1697635205,0.048583984,-0.9783325,0.29632568,0.375,-1.109375,0.140625
732,1697635245,0.047607422,-0.97906494,0.29534912,0.171875,-0.765625,0.359375
733,1697635285,0.061767578,-0.9758911,0.29266357,0.0625,-0.71875,0.234375
734,1697635325,0.05029297,-0.96832275,0.28997803,0.3125,-0.75,0.21875
735,1697635365,0.060791016,-0.9656372,0.28631592,0.453125,-1.296875,-0.15625
736,1697635405,0.060546875,-0.9627075,0.30316162,-0.28125,-0.59375,-0.078125
737,1697635445,0.048828125,-1.0007935,0.30218506,2.234375,0.359375,0.421875
738,1697635485,0.05493164,-0.989563,0.28851318,-0.4375,0.5,0.3125
739,1697635525,0.055664062,-0.9692993,0.29901123,-1.5625,-1.53125,-1.15625
740,1697635565,0.050048828,-0.9795532,0.30462646,-0.3125,-0.984375,-0.296875
741,1697635605,0.05053711,-0.9873657,0.29266357,-2.578125,-2.046875,-0.96875
742,1697635645,0.057373047,-0.9758911,0.31072998,-0.796875,-1.140625,-0.640625
743,1697635685,0.060302734,-0.9649048,0.3024292,0.125,-0.15625,-0.15625
744,1697635725,0.04296875,-0.9512329,0.2975464,-0.5625,-0.671875,-0.59375
745,1697635765,0.03466797,-0.9661255,0.2982788,0.75,-2.046875,-0.6875
746,1697635805,0.041992188,-0.98565674,0.3053589,1.03125,-3.5,-1.984375
747,1697635845,0.053955078,-0.9758911,0.30877686,0.140625,-1.125,-1.9375
748,1697635885,0.044433594,-0.98321533,0.30560303,1.125,0.375,-0.1875
749,1697635925,0.043701172,-0.96881104,0.29681396,0.109375,-1.046875,-0.28125
750,1697635965,0.048828125,-0.9780884,0.3078003,0.0,-0.890625,-1.09375
751,1697636005,0.039794922,-0.97979736,0.30975342,0.421875,-1.53125,-0.984375
